xof 0303txt 0032

template XSkinMeshHeader {
  <3cf169ce-ff7c-44ab-93c0-f78f62d172e2>
  WORD nMaxSkinWeightsPerVertex;
  WORD nMaxSkinWeightsPerFace;
  WORD nBones;
}

template SkinWeights {
  <6f0d123b-bad2-4167-a0d0-80224f25fabb>
  STRING transformNodeName;
  DWORD nWeights;
  array DWORD vertexIndices[nWeights];
  array float weights[nWeights];
  Matrix4x4 matrixOffset;
}

Frame Root {
  FrameTransformMatrix {
     1.000000, 0.000000, 0.000000, 0.000000,
     0.000000,-0.000000,-1.000000, 0.000000,
     0.000000, 1.000000,-0.000000, 0.000000,
     0.000000, 0.000000, 0.000000, 1.000000;;
  }
  Frame Armature {
    FrameTransformMatrix {
       9.657541,-2.573043,-0.333679, 0.000000,
       2.585291, 9.434240, 2.076393, 0.000000,
      -0.219464,-2.091551, 9.776362, 0.000000,
       0.146552, 0.680057, 0.255800, 1.000000;;
    }
    Frame Armature_root {
      FrameTransformMatrix {
         1.000000, 0.000000, 0.000000, 0.000000,
         0.000000,-0.000000, 1.000000, 0.000000,
         0.000000,-1.000000,-0.000000, 0.000000,
         0.000000, 0.000000, 0.000000, 1.000000;;
      }
      Frame Armature_Hips {
        FrameTransformMatrix {
           1.000000, 0.000000, 0.000000, 0.000000,
           0.000000, 0.990095, 0.140398, 0.000000,
           0.000000,-0.140398, 0.990095, 0.000000,
           0.000000, 0.672200, 0.000000, 1.000000;;
        }
        Frame Armature_Spine {
          FrameTransformMatrix {
             0.999291,-0.030873,-0.021546, 0.000000,
             0.033486, 0.990433, 0.133867, 0.000000,
             0.017207,-0.134494, 0.990765, 0.000000,
             0.000000, 0.097600, 0.000000, 1.000000;;
          }
          Frame Armature_Belt_001 {
            FrameTransformMatrix {
              -0.961509,-0.267288,-0.063767, 0.000000,
               0.261278,-0.961142, 0.089109, 0.000000,
              -0.085109, 0.069017, 0.993979, 0.000000,
               0.058100,-0.018400, 0.073000, 1.000000;;
            }
            Frame Armature_Belt_002 {
              FrameTransformMatrix {
                 0.994168,-0.107832, 0.001505, 0.000000,
                 0.107842, 0.994051,-0.015256, 0.000000,
                 0.000150, 0.015329, 0.999882, 0.000000,
                 0.000000, 0.195300,-0.000000, 1.000000;;
              }
              Frame Armature_Belt_003 {
                FrameTransformMatrix {
                   0.992754,-0.071919, 0.096261, 0.000000,
                   0.075793, 0.996429,-0.037212, 0.000000,
                  -0.093241, 0.044238, 0.994660, 0.000000,
                  -0.000000, 0.124400, 0.000000, 1.000000;;
                }
              } // End of Armature_Belt_003
            } // End of Armature_Belt_002
          } // End of Armature_Belt_001
          Frame Armature_Chest {
            FrameTransformMatrix {
               0.997790,-0.039291,-0.053578, 0.000000,
               0.056389, 0.927271, 0.370119, 0.000000,
               0.035139,-0.372323, 0.927438, 0.000000,
              -0.000000, 0.074000, 0.000000, 1.000000;;
            }
            Frame Armature_Neck {
              FrameTransformMatrix {
                 0.999991,-0.000917,-0.004253, 0.000000,
                 0.001240, 0.997080, 0.076349, 0.000000,
                 0.004171,-0.076354, 0.997072, 0.000000,
                -0.000000, 0.172600, 0.000000, 1.000000;;
              }
              Frame Armature_Head {
                FrameTransformMatrix {
                   0.999991,-0.001300,-0.004152, 0.000000,
                   0.001650, 0.996333, 0.085540, 0.000000,
                   0.004026,-0.085546, 0.996326, 0.000000,
                  -0.000000, 0.058100,-0.000000, 1.000000;;
                }
                Frame Armature_Bang_L {
                  FrameTransformMatrix {
                    -0.820339,-0.057161,-0.569014, 0.000000,
                     0.000004,-0.994993, 0.099947, 0.000000,
                    -0.571865, 0.081984, 0.816214, 0.000000,
                     0.046900, 0.160400, 0.097500, 1.000000;;
                  }
                } // End of Armature_Bang_L
                Frame Armature_Bang_R {
                  FrameTransformMatrix {
                    -0.820339, 0.057161, 0.569014, 0.000000,
                    -0.000004,-0.994993, 0.099947, 0.000000,
                     0.571865, 0.081984, 0.816214, 0.000000,
                    -0.046900, 0.160400, 0.097500, 1.000000;;
                  }
                } // End of Armature_Bang_R
                Frame Armature_HairSide_L {
                  FrameTransformMatrix {
                    -0.900011, 0.003828,-0.435848, 0.000000,
                    -0.069010,-0.988599, 0.133822, 0.000000,
                    -0.430370, 0.150517, 0.890009, 0.000000,
                     0.097000, 0.155100, 0.067600, 1.000000;;
                  }
                } // End of Armature_HairSide_L
                Frame Armature_HairSide_R {
                  FrameTransformMatrix {
                    -0.900011,-0.003828, 0.435848, 0.000000,
                     0.069010,-0.988599, 0.133822, 0.000000,
                     0.430370, 0.150517, 0.890009, 0.000000,
                    -0.097000, 0.155100, 0.067600, 1.000000;;
                  }
                } // End of Armature_HairSide_R
                Frame Armature_Left_Eye {
                  FrameTransformMatrix {
                     0.984273, 0.000965,-0.176650, 0.000000,
                     0.174547, 0.148653, 0.973363, 0.000000,
                     0.027199,-0.988889, 0.146147, 0.000000,
                     0.031400, 0.076700, 0.040900, 1.000000;;
                  }
                } // End of Armature_Left_Eye
                Frame Armature_Right_Eye {
                  FrameTransformMatrix {
                     0.984273,-0.000965, 0.176651, 0.000000,
                    -0.174547, 0.148653, 0.973363, 0.000000,
                    -0.027199,-0.988889, 0.146147, 0.000000,
                    -0.031400, 0.076700, 0.040900, 1.000000;;
                  }
                } // End of Armature_Right_Eye
                Frame Armature_Ring {
                  FrameTransformMatrix {
                     1.000000, 0.000000, 0.000000, 0.000000,
                     0.000000, 0.994993,-0.099943, 0.000000,
                     0.000000, 0.099943, 0.994993, 0.000000,
                    -0.000000, 0.254900,-0.008400, 1.000000;;
                  }
                } // End of Armature_Ring
              } // End of Armature_Head
              Frame Armature_Hood {
                FrameTransformMatrix {
                   1.000000, 0.000000, 0.000000, 0.000000,
                   0.000000,-0.602876,-0.797835, 0.000000,
                  -0.000000, 0.797835,-0.602875, 0.000000,
                  -0.000000, 0.042500,-0.040500, 1.000000;;
                }
              } // End of Armature_Hood
            } // End of Armature_Neck
            Frame Armature_Shoulder_L {
              FrameTransformMatrix {
                -0.180079,-0.976766,-0.116192, 0.000000,
                 0.960277,-0.200167, 0.194424, 0.000000,
                -0.213165,-0.076565, 0.974012, 0.000000,
                -0.000000, 0.172600, 0.000000, 1.000000;;
              }
              Frame Armature_UpperArm_L {
                FrameTransformMatrix {
                   0.499396,-0.826051, 0.261234, 0.000000,
                   0.844715, 0.531250, 0.065044, 0.000000,
                  -0.192510, 0.188185, 0.963082, 0.000000,
                  -0.000000, 0.071700, 0.000000, 1.000000;;
                }
                Frame Armature_LowerArm_L {
                  FrameTransformMatrix {
                     0.998967, 0.042304, 0.016568, 0.000000,
                    -0.042304, 0.733138, 0.678763, 0.000000,
                     0.016568,-0.678763, 0.734171, 0.000000,
                    -0.000000, 0.195000,-0.000000, 1.000000;;
                  }
                  Frame Armature_Hand_L {
                    FrameTransformMatrix {
                       0.878383, 0.373174,-0.298636, 0.000000,
                      -0.395201, 0.918477,-0.014684, 0.000000,
                       0.268811, 0.130920, 0.954254, 0.000000,
                      -0.000000, 0.180900, 0.000000, 1.000000;;
                    }
                    Frame Armature_Index_Proximal_L {
                      FrameTransformMatrix {
                         0.778872,-0.623332,-0.069403, 0.000000,
                         0.620592, 0.749952, 0.228995, 0.000000,
                        -0.090691,-0.221429, 0.970950, 0.000000,
                        -0.001000, 0.072300, 0.029300, 1.000000;;
                      }
                      Frame Armature_Index_Intermediate_L {
                        FrameTransformMatrix {
                           0.903112,-0.429338, 0.007632, 0.000000,
                           0.429357, 0.902600,-0.031083, 0.000000,
                           0.006456, 0.031348, 0.999488, 0.000000,
                          -0.000000, 0.020300,-0.000000, 1.000000;;
                        }
                        Frame Armature_Index_Distal_L {
                          FrameTransformMatrix {
                             0.857831,-0.513932, 0.000177, 0.000000,
                             0.513932, 0.857831,-0.000171, 0.000000,
                            -0.000064, 0.000238, 1.000000, 0.000000,
                            -0.000000, 0.019500, 0.000000, 1.000000;;
                          }
                        } // End of Armature_Index_Distal_L
                      } // End of Armature_Index_Intermediate_L
                    } // End of Armature_Index_Proximal_L
                    Frame Armature_Little_Proximal_L {
                      FrameTransformMatrix {
                         0.868150,-0.493754,-0.050219, 0.000000,
                         0.493239, 0.847145, 0.197638, 0.000000,
                        -0.055042,-0.196349, 0.978988, 0.000000,
                         0.000500, 0.068300,-0.019200, 1.000000;;
                      }
                      Frame Armature_Little_Intermediate_L {
                        FrameTransformMatrix {
                           0.900271,-0.435258, 0.007903, 0.000000,
                           0.435258, 0.899646,-0.034457, 0.000000,
                           0.007888, 0.034460, 0.999375, 0.000000,
                          -0.000000, 0.018400, 0.000000, 1.000000;;
                        }
                        Frame Armature_Little_Distal_L {
                          FrameTransformMatrix {
                             0.978411,-0.206667,-0.000007, 0.000000,
                             0.206667, 0.978411,-0.000000, 0.000000,
                             0.000007,-0.000001, 1.000000, 0.000000,
                            -0.000000, 0.018500,-0.000000, 1.000000;;
                          }
                        } // End of Armature_Little_Distal_L
                      } // End of Armature_Little_Intermediate_L
                    } // End of Armature_Little_Proximal_L
                    Frame Armature_Middle_Proximal_L {
                      FrameTransformMatrix {
                         0.868485,-0.492487,-0.056484, 0.000000,
                         0.493240, 0.847145, 0.197638, 0.000000,
                        -0.049484,-0.199505, 0.978646, 0.000000,
                        -0.001200, 0.074600, 0.013600, 1.000000;;
                      }
                      Frame Armature_Middle_Intermediate_L {
                        FrameTransformMatrix {
                           0.900174,-0.435469, 0.007262, 0.000000,
                           0.435469, 0.899646,-0.031680, 0.000000,
                           0.007262, 0.031680, 0.999472, 0.000000,
                           0.000000, 0.021800, 0.000000, 1.000000;;
                        }
                        Frame Armature_Middle_Distal_L {
                          FrameTransformMatrix {
                             0.929749,-0.368194,-0.000000, 0.000000,
                             0.368194, 0.929749,-0.000000, 0.000000,
                             0.000000,-0.000000, 1.000000, 0.000000,
                             0.000000, 0.019600, 0.000000, 1.000000;;
                          }
                        } // End of Armature_Middle_Distal_L
                      } // End of Armature_Middle_Intermediate_L
                    } // End of Armature_Middle_Proximal_L
                    Frame Armature_Ring_Proximal_L {
                      FrameTransformMatrix {
                         0.868214,-0.493527,-0.051353, 0.000000,
                         0.493240, 0.847145, 0.197638, 0.000000,
                        -0.054036,-0.196921, 0.978929, 0.000000,
                         0.000000, 0.073700,-0.003500, 1.000000;;
                      }
                      Frame Armature_Ring_Intermediate_L {
                        FrameTransformMatrix {
                           0.900253,-0.435297, 0.007784, 0.000000,
                           0.435297, 0.899646,-0.033962, 0.000000,
                           0.007781, 0.033963, 0.999393, 0.000000,
                          -0.000000, 0.022300, 0.000000, 1.000000;;
                        }
                        Frame Armature_Ring_Distal_L {
                          FrameTransformMatrix {
                             0.900806,-0.434222, 0.000002, 0.000000,
                             0.434222, 0.900806, 0.000000, 0.000000,
                            -0.000002, 0.000001, 1.000000, 0.000000,
                             0.000000, 0.017900, 0.000000, 1.000000;;
                          }
                        } // End of Armature_Ring_Distal_L
                      } // End of Armature_Ring_Intermediate_L
                    } // End of Armature_Ring_Proximal_L
                    Frame Armature_Thumb_Proximal_L {
                      FrameTransformMatrix {
                         0.954053,-0.299353,-0.013102, 0.000000,
                         0.220682, 0.672402, 0.706523, 0.000000,
                        -0.202690,-0.676952, 0.707569, 0.000000,
                         0.019000, 0.053600, 0.043600, 1.000000;;
                      }
                      Frame Armature_Thumb_Intermediate_L {
                        FrameTransformMatrix {
                           0.990922,-0.119983,-0.060641, 0.000000,
                           0.086245, 0.913375,-0.397879, 0.000000,
                           0.103127, 0.389038, 0.915431, 0.000000,
                          -0.000000, 0.013000,-0.000000, 1.000000;;
                        }
                        Frame Armature_Thumb_Distal_L {
                          FrameTransformMatrix {
                             0.999826, 0.013697,-0.012629, 0.000000,
                            -0.014974, 0.994108,-0.107355, 0.000000,
                             0.011085, 0.107526, 0.994141, 0.000000,
                            -0.000000, 0.012200, 0.000000, 1.000000;;
                          }
                        } // End of Armature_Thumb_Distal_L
                      } // End of Armature_Thumb_Intermediate_L
                    } // End of Armature_Thumb_Proximal_L
                  } // End of Armature_Hand_L
                } // End of Armature_LowerArm_L
              } // End of Armature_UpperArm_L
            } // End of Armature_Shoulder_L
            Frame Armature_Shoulder_R {
              FrameTransformMatrix {
                -0.145021, 0.983203, 0.110816, 0.000000,
                -0.984804,-0.154251, 0.079803, 0.000000,
                 0.095556,-0.097559, 0.990632, 0.000000,
                -0.000000, 0.172600, 0.000000, 1.000000;;
              }
              Frame Armature_UpperArm_R {
                FrameTransformMatrix {
                   0.327049, 0.894853, 0.303771, 0.000000,
                  -0.908414, 0.386285,-0.159899, 0.000000,
                  -0.260428,-0.223655, 0.939231, 0.000000,
                  -0.000000, 0.071700, 0.000000, 1.000000;;
                }
                Frame Armature_LowerArm_R {
                  FrameTransformMatrix {
                     0.999126,-0.039378,-0.014023, 0.000000,
                     0.039378, 0.774123, 0.631810, 0.000000,
                    -0.014023,-0.631810, 0.774997, 0.000000,
                     0.000000, 0.195000,-0.000000, 1.000000;;
                  }
                  Frame Armature_Hand_R {
                    FrameTransformMatrix {
                       0.858144,-0.282067, 0.428985, 0.000000,
                       0.357114, 0.928250,-0.104028, 0.000000,
                      -0.368862, 0.242468, 0.897302, 0.000000,
                       0.000000, 0.180900,-0.000000, 1.000000;;
                    }
                    Frame Armature_Index_Proximal_R {
                      FrameTransformMatrix {
                         0.509410, 0.855431, 0.093488, 0.000000,
                        -0.858936, 0.498863, 0.115607, 0.000000,
                         0.052256,-0.139191, 0.988886, 0.000000,
                         0.001000, 0.072300, 0.029300, 1.000000;;
                      }
                      Frame Armature_Index_Intermediate_R {
                        FrameTransformMatrix {
                           0.900040, 0.435769,-0.005764, 0.000000,
                          -0.435783, 0.899772,-0.022433, 0.000000,
                          -0.004589, 0.022702, 0.999732, 0.000000,
                          -0.000000, 0.020300, 0.000000, 1.000000;;
                        }
                        Frame Armature_Index_Distal_R {
                          FrameTransformMatrix {
                             0.857831, 0.513932,-0.000177, 0.000000,
                            -0.513932, 0.857831,-0.000171, 0.000000,
                             0.000064, 0.000238, 1.000000, 0.000000,
                             0.000000, 0.019500, 0.000000, 1.000000;;
                          }
                        } // End of Armature_Index_Distal_R
                      } // End of Armature_Index_Intermediate_R
                    } // End of Armature_Index_Proximal_R
                    Frame Armature_Little_Proximal_R {
                      FrameTransformMatrix {
                         0.676522, 0.732348, 0.077357, 0.000000,
                        -0.736371, 0.671494, 0.082790, 0.000000,
                         0.008686,-0.112973, 0.993560, 0.000000,
                        -0.000500, 0.068300,-0.019200, 1.000000;;
                      }
                      Frame Armature_Little_Intermediate_R {
                        FrameTransformMatrix {
                           0.707112, 0.706896,-0.017062, 0.000000,
                          -0.706896, 0.706119,-0.041160, 0.000000,
                          -0.017049, 0.041166, 0.999007, 0.000000,
                          -0.000000, 0.018400, 0.000000, 1.000000;;
                        }
                        Frame Armature_Little_Distal_R {
                          FrameTransformMatrix {
                             0.978411, 0.206667, 0.000007, 0.000000,
                            -0.206667, 0.978411,-0.000000, 0.000000,
                            -0.000007,-0.000001, 1.000000, 0.000000,
                            -0.000000, 0.018500,-0.000000, 1.000000;;
                          }
                        } // End of Armature_Little_Distal_R
                      } // End of Armature_Little_Intermediate_R
                    } // End of Armature_Little_Proximal_R
                    Frame Armature_Middle_Proximal_R {
                      FrameTransformMatrix {
                         0.676564, 0.731612, 0.083692, 0.000000,
                        -0.736371, 0.671494, 0.082790, 0.000000,
                         0.004371,-0.117641, 0.993046, 0.000000,
                         0.001200, 0.074600, 0.013600, 1.000000;;
                      }
                      Frame Armature_Middle_Intermediate_R {
                        FrameTransformMatrix {
                           0.706906, 0.707144,-0.015191, 0.000000,
                          -0.707144, 0.706119,-0.036651, 0.000000,
                          -0.015191, 0.036651, 0.999213, 0.000000,
                          -0.000000, 0.021800, 0.000000, 1.000000;;
                        }
                        Frame Armature_Middle_Distal_R {
                          FrameTransformMatrix {
                             0.929749, 0.368194, 0.000000, 0.000000,
                            -0.368194, 0.929749, 0.000000, 0.000000,
                            -0.000000,-0.000000, 1.000000, 0.000000,
                             0.000000, 0.019600, 0.000000, 1.000000;;
                          }
                        } // End of Armature_Middle_Distal_R
                      } // End of Armature_Middle_Intermediate_R
                    } // End of Armature_Middle_Proximal_R
                    Frame Armature_Ring_Proximal_R {
                      FrameTransformMatrix {
                         0.676532, 0.732219, 0.078485, 0.000000,
                        -0.736371, 0.671494, 0.082790, 0.000000,
                         0.007918,-0.113804, 0.993472, 0.000000,
                         0.000000, 0.073700,-0.003500, 1.000000;;
                      }
                      Frame Armature_Ring_Intermediate_R {
                        FrameTransformMatrix {
                           0.707074, 0.706942,-0.016725, 0.000000,
                          -0.706942, 0.706119,-0.040358, 0.000000,
                          -0.016721, 0.040359, 0.999045, 0.000000,
                          -0.000000, 0.022300,-0.000000, 1.000000;;
                        }
                        Frame Armature_Ring_Distal_R {
                          FrameTransformMatrix {
                             0.900806, 0.434222,-0.000004, 0.000000,
                            -0.434222, 0.900806,-0.000000, 0.000000,
                             0.000003, 0.000002, 1.000000, 0.000000,
                             0.000000, 0.017900, 0.000000, 1.000000;;
                          }
                        } // End of Armature_Ring_Distal_R
                      } // End of Armature_Ring_Intermediate_R
                    } // End of Armature_Ring_Proximal_R
                    Frame Armature_Thumb_Proximal_R {
                      FrameTransformMatrix {
                         0.943191, 0.296465, 0.149997, 0.000000,
                        -0.321242, 0.698464, 0.639493, 0.000000,
                         0.084820,-0.651350, 0.754022, 0.000000,
                        -0.019000, 0.053600, 0.043600, 1.000000;;
                      }
                      Frame Armature_Thumb_Intermediate_R {
                        FrameTransformMatrix {
                           0.991100,-0.128193,-0.035885, 0.000000,
                           0.128549, 0.991673, 0.007788, 0.000000,
                           0.034588,-0.012332, 0.999326, 0.000000,
                          -0.000000, 0.013000,-0.000000, 1.000000;;
                        }
                        Frame Armature_Thumb_Distal_R {
                          FrameTransformMatrix {
                             0.999826,-0.013697, 0.012629, 0.000000,
                             0.014974, 0.994108,-0.107355, 0.000000,
                            -0.011085, 0.107526, 0.994141, 0.000000,
                             0.000000, 0.012200,-0.000000, 1.000000;;
                          }
                        } // End of Armature_Thumb_Distal_R
                      } // End of Armature_Thumb_Intermediate_R
                    } // End of Armature_Thumb_Proximal_R
                  } // End of Armature_Hand_R
                } // End of Armature_LowerArm_R
              } // End of Armature_UpperArm_R
            } // End of Armature_Shoulder_R
          } // End of Armature_Chest
        } // End of Armature_Spine
        Frame Armature_UpperLeg_L {
          FrameTransformMatrix {
            -0.991143,-0.016419, 0.131781, 0.000000,
             0.099840,-0.746449, 0.657911, 0.000000,
             0.087565, 0.665240, 0.741482, 0.000000,
             0.055900,-0.012100, 0.001700, 1.000000;;
          }
          Frame Armature_LowerLeg_L {
            FrameTransformMatrix {
               0.997877,-0.065044, 0.003371, 0.000000,
               0.064779, 0.985764,-0.155156, 0.000000,
               0.006769, 0.155044, 0.987884, 0.000000,
              -0.000000, 0.279900, 0.000000, 1.000000;;
            }
            Frame Armature_Foot_L {
              FrameTransformMatrix {
                 1.000000,-0.000001,-0.000002, 0.000000,
                 0.000002, 0.752218, 0.658915, 0.000000,
                 0.000000,-0.658915, 0.752218, 0.000000,
                -0.000000, 0.284500,-0.000000, 1.000000;;
              }
            } // End of Armature_Foot_L
          } // End of Armature_LowerLeg_L
        } // End of Armature_UpperLeg_L
        Frame Armature_UpperLeg_R {
          FrameTransformMatrix {
            -0.992794, 0.117832,-0.021830, 0.000000,
            -0.119109,-0.950190, 0.288014, 0.000000,
             0.013195, 0.288539, 0.957382, 0.000000,
            -0.055900,-0.012100, 0.001700, 1.000000;;
          }
          Frame Armature_LowerLeg_R {
            FrameTransformMatrix {
               0.990681,-0.099588,-0.092920, 0.000000,
              -0.018556, 0.577159,-0.816421, 0.000000,
               0.134935, 0.810537, 0.569932, 0.000000,
              -0.000000, 0.279900,-0.000000, 1.000000;;
            }
            Frame Armature_Foot_R {
              FrameTransformMatrix {
                 1.000000, 0.000001, 0.000002, 0.000000,
                -0.000002, 0.752218, 0.658915, 0.000000,
                -0.000000,-0.658915, 0.752218, 0.000000,
                 0.000000, 0.284500, 0.000000, 1.000000;;
              }
            } // End of Armature_Foot_R
          } // End of Armature_LowerLeg_R
        } // End of Armature_UpperLeg_R
      } // End of Armature_Hips
    } // End of Armature_root
  } // End of Armature
} // End of Root
AnimationSet Global {
  Animation {
    {Armature}
    AnimationKey { // Rotation
      0;
      71;
      0;4;-0.997925, 0.054355, 0.018640, 0.029046;;,
      1;4;-0.997593, 0.049083, 0.034905, 0.034371;;,
      2;4;-0.996944, 0.044399, 0.048923, 0.041693;;,
      3;4;-0.995934, 0.040997, 0.059179, 0.054159;;,
      4;4;-0.994715, 0.039159, 0.063235, 0.070775;;,
      5;4;-0.993238, 0.040107, 0.056519, 0.093146;;,
      6;4;-0.991372, 0.041680, 0.043318, 0.116481;;,
      7;4;-0.989384, 0.040852, 0.023940, 0.137393;;,
      8;4;-0.987355, 0.041752, 0.003417, 0.152890;;,
      9;4;-0.985872, 0.048799,-0.012520, 0.159746;;,
      10;4;-0.985620, 0.057587,-0.022225, 0.157297;;,
      11;4;-0.987518, 0.064693,-0.018842, 0.142368;;,
      12;4;-0.990351, 0.072291,-0.013393, 0.117472;;,
      13;4;-0.993119, 0.080575,-0.017189, 0.083231;;,
      14;4;-0.994663, 0.091376,-0.022552, 0.042272;;,
      15;4;-0.993332, 0.112031,-0.027070,-0.002971;;,
      16;4;-0.990172, 0.126552,-0.028215,-0.052414;;,
      17;4;-0.987293, 0.113581,-0.018005,-0.109667;;,
      18;4;-0.982398, 0.096289,-0.009998,-0.159759;;,
      19;4;-0.978088, 0.092345,-0.018781,-0.185642;;,
      20;4;-0.974919, 0.098614,-0.032356,-0.196877;;,
      21;4;-0.972399, 0.122251,-0.046125,-0.193305;;,
      22;4;-0.969338, 0.149291,-0.055092,-0.187247;;,
      23;4;-0.964826, 0.168245,-0.051383,-0.195357;;,
      24;4;-0.960748, 0.178479,-0.040358,-0.208520;;,
      25;4;-0.958297, 0.173733,-0.020514,-0.225971;;,
      26;4;-0.957753, 0.160058,-0.002065,-0.238928;;,
      27;4;-0.962242, 0.137228, 0.003583,-0.235046;;,
      28;4;-0.967383, 0.118013, 0.001038,-0.224149;;,
      29;4;-0.968952, 0.121883,-0.008713,-0.214944;;,
      30;4;-0.971160, 0.128478,-0.027829,-0.198916;;,
      31;4;-0.976201, 0.121046,-0.062068,-0.168900;;,
      32;4;-0.980870, 0.108585,-0.094668,-0.130925;;,
      33;4;-0.985756, 0.092435,-0.109894,-0.087540;;,
      34;4;-0.989449, 0.079505,-0.112021,-0.046052;;,
      35;4;-0.991911, 0.078773,-0.098517,-0.014188;;,
      36;4;-0.993312, 0.085007,-0.077589, 0.009179;;,
      37;4;-0.993584, 0.096634,-0.054779, 0.021283;;,
      38;4;-0.992683, 0.112226,-0.035571, 0.026838;;,
      39;4;-0.990387, 0.131920,-0.029157, 0.029676;;,
      40;4;-0.987933, 0.149476,-0.028033, 0.029319;;,
      41;4;-0.986851, 0.157078,-0.027747, 0.026107;;,
      42;4;-0.986485, 0.159560,-0.030067, 0.022014;;,
      43;4;-0.986491, 0.159355,-0.033140, 0.018536;;,
      44;4;-0.987018, 0.155613,-0.036946, 0.014651;;,
      45;4;-0.988143, 0.147482,-0.041517, 0.009953;;,
      46;4;-0.989488, 0.137380,-0.044963, 0.004320;;,
      47;4;-0.990812, 0.127251,-0.045763,-0.002124;;,
      48;4;-0.992362, 0.114976,-0.042377,-0.014226;;,
      49;4;-0.993268, 0.106313,-0.033529,-0.031486;;,
      50;4;-0.993981, 0.094933,-0.027698,-0.047138;;,
      51;4;-0.992402, 0.099733,-0.025244,-0.067489;;,
      52;4;-0.986166, 0.132182,-0.025725,-0.096653;;,
      53;4;-0.983611, 0.135528,-0.026158,-0.116004;;,
      54;4;-0.982158, 0.129558,-0.023078,-0.134342;;,
      55;4;-0.979251, 0.129931,-0.015608,-0.154730;;,
      56;4;-0.979139, 0.126814,-0.011512,-0.158345;;,
      57;4;-0.980022, 0.122366,-0.008769,-0.156548;;,
      58;4;-0.981539, 0.117319,-0.005143,-0.150965;;,
      59;4;-0.983504, 0.111820,-0.000581,-0.142182;;,
      60;4;-0.985750, 0.105705, 0.002897,-0.130823;;,
      61;4;-0.988100, 0.099088, 0.004756,-0.117550;;,
      62;4;-0.990436, 0.092389, 0.006875,-0.102245;;,
      63;4;-0.992605, 0.085756, 0.009492,-0.085393;;,
      64;4;-0.994476, 0.079261, 0.011854,-0.067777;;,
      65;4;-0.995980, 0.073063, 0.013890,-0.049919;;,
      66;4;-0.997082, 0.067332, 0.015737,-0.032342;;,
      67;4;-0.997787, 0.062237, 0.017434,-0.015593;;,
      68;4;-0.998140, 0.057922, 0.019014,-0.000318;;,
      69;4;-0.998164, 0.054985, 0.019608, 0.016126;;,
      70;4;-0.997926, 0.054356, 0.018643, 0.029013;;;
    }
    AnimationKey { // Scale
      1;
      71;
      0;3;10.000000,10.000000,10.000000;;,
      1;3;10.000000,10.000000,10.000000;;,
      2;3;10.000000,10.000000,10.000000;;,
      3;3;10.000000, 9.999999,10.000000;;,
      4;3;10.000000,10.000000,10.000000;;,
      5;3;10.000000,10.000000,10.000000;;,
      6;3;10.000000,10.000000,10.000000;;,
      7;3;10.000000,10.000000,10.000000;;,
      8;3;10.000000,10.000000,10.000000;;,
      9;3;10.000000, 9.999999,10.000000;;,
      10;3;10.000000,10.000000,10.000000;;,
      11;3;10.000001, 9.999999,10.000000;;,
      12;3;10.000000,10.000000,10.000000;;,
      13;3;10.000000,10.000000,10.000000;;,
      14;3;10.000000,10.000000,10.000000;;,
      15;3;10.000000, 9.999998,10.000000;;,
      16;3;10.000000,10.000000,10.000000;;,
      17;3;10.000000,10.000000,10.000000;;,
      18;3;10.000000,10.000001,10.000000;;,
      19;3;10.000000,10.000000,10.000000;;,
      20;3;10.000000,10.000000, 9.999999;;,
      21;3;10.000000,10.000000,10.000001;;,
      22;3;10.000000,10.000000,10.000000;;,
      23;3;10.000000,10.000000,10.000000;;,
      24;3;10.000000,10.000000,10.000000;;,
      25;3;10.000002,10.000001,10.000000;;,
      26;3;10.000000,10.000000,10.000002;;,
      27;3;10.000000,10.000000,10.000000;;,
      28;3;10.000000,10.000000,10.000000;;,
      29;3;10.000000, 9.999998,10.000000;;,
      30;3;10.000000,10.000001,10.000000;;,
      31;3;10.000000,10.000000,10.000000;;,
      32;3; 9.999998,10.000002,10.000000;;,
      33;3;10.000000,10.000000,10.000000;;,
      34;3;10.000000,10.000000,10.000000;;,
      35;3;10.000000,10.000000,10.000000;;,
      36;3;10.000000,10.000000,10.000000;;,
      37;3;10.000000,10.000000,10.000000;;,
      38;3;10.000000,10.000000,10.000000;;,
      39;3;10.000000,10.000000,10.000001;;,
      40;3;10.000000,10.000000,10.000000;;,
      41;3;10.000002,10.000000,10.000000;;,
      42;3;10.000000,10.000000,10.000000;;,
      43;3;10.000000,10.000000,10.000000;;,
      44;3;10.000000, 9.999998,10.000000;;,
      45;3;10.000002,10.000000,10.000000;;,
      46;3;10.000000,10.000000,10.000000;;,
      47;3; 9.999998,10.000000,10.000000;;,
      48;3;10.000000,10.000000,10.000002;;,
      49;3;10.000000,10.000000,10.000000;;,
      50;3;10.000000,10.000000,10.000000;;,
      51;3;10.000000,10.000000,10.000000;;,
      52;3;10.000000,10.000000,10.000000;;,
      53;3;10.000000,10.000000,10.000000;;,
      54;3;10.000001,10.000000,10.000000;;,
      55;3;10.000000,10.000000,10.000000;;,
      56;3; 9.999998,10.000000,10.000000;;,
      57;3;10.000002,10.000000, 9.999998;;,
      58;3;10.000000,10.000000,10.000000;;,
      59;3;10.000000,10.000000,10.000000;;,
      60;3;10.000000,10.000002,10.000000;;,
      61;3;10.000000,10.000000,10.000000;;,
      62;3; 9.999998,10.000000,10.000000;;,
      63;3;10.000000,10.000000,10.000000;;,
      64;3;10.000000,10.000002,10.000000;;,
      65;3;10.000000,10.000000,10.000000;;,
      66;3;10.000000,10.000000,10.000000;;,
      67;3;10.000000,10.000000,10.000000;;,
      68;3;10.000000,10.000000,10.000000;;,
      69;3;10.000000,10.000000,10.000000;;,
      70;3;10.000000,10.000000,10.000000;;;
    }
    AnimationKey { // Position
      2;
      71;
      0;3;-0.281711,-0.191838,-0.357596;;,
      1;3;-0.487032,-0.295370,-0.226576;;,
      2;3;-0.661450,-0.405741,-0.091611;;,
      3;3;-0.787391,-0.536425, 0.043604;;,
      4;3;-0.823879,-0.665109, 0.158842;;,
      5;3;-0.700964,-0.763132, 0.230392;;,
      6;3;-0.485767,-0.841508, 0.277508;;,
      7;3;-0.183735,-0.924247, 0.314047;;,
      8;3; 0.128062,-0.958626, 0.343952;;,
      9;3; 0.354442,-0.896149, 0.366164;;,
      10;3; 0.494866,-0.796781, 0.376468;;,
      11;3; 0.485632,-0.699496, 0.353666;;,
      12;3; 0.449915,-0.584285, 0.327595;;,
      13;3; 0.522486,-0.468989, 0.330263;;,
      14;3; 0.611465,-0.314423, 0.332261;;,
      15;3; 0.683742,-0.000660, 0.330018;;,
      16;3; 0.741900, 0.232604, 0.297033;;,
      17;3; 0.678090, 0.106076, 0.149612;;,
      18;3; 0.614957,-0.071104, 0.007315;;,
      19;3; 0.750555,-0.102628,-0.043032;;,
      20;3; 0.942643, 0.003162,-0.034642;;,
      21;3; 1.136310, 0.380830, 0.061731;;,
      22;3; 1.267953, 0.812989, 0.179242;;,
      23;3; 1.264937, 1.111250, 0.231155;;,
      24;3; 1.175440, 1.266273, 0.200680;;,
      25;3; 0.951882, 1.152640, 0.004743;;,
      26;3; 0.727609, 0.941377,-0.231352;;,
      27;3; 0.638088, 0.701778,-0.433022;;,
      28;3; 0.684983, 0.564317,-0.594405;;,
      29;3; 0.937829, 0.798765,-0.686463;;,
      30;3; 1.302418, 1.081989,-0.781256;;,
      31;3; 1.764120, 1.149135,-0.939350;;,
      32;3; 2.159838, 1.134524,-1.059281;;,
      33;3; 2.286802, 1.023747,-1.121851;;,
      34;3; 2.244214, 0.933982,-1.141055;;,
      35;3; 2.023060, 0.993536,-1.116126;;,
      36;3; 1.707905, 1.129665,-1.041290;;,
      37;3; 1.372290, 1.342730,-0.899227;;,
      38;3; 1.089367, 1.601711,-0.715184;;,
      39;3; 0.985124, 1.900228,-0.515502;;,
      40;3; 0.952897, 2.158132,-0.332298;;,
      41;3; 0.924163, 2.268398,-0.222422;;,
      42;3; 0.928946, 2.301338,-0.158560;;,
      43;3; 0.947378, 2.300054,-0.115169;;,
      44;3; 0.972743, 2.251980,-0.104163;;,
      45;3; 0.999726, 2.144716,-0.136766;;,
      46;3; 1.012591, 2.011923,-0.185478;;,
      47;3; 0.999527, 1.878116,-0.229566;;,
      48;3; 0.927767, 1.608892,-0.277623;;,
      49;3; 0.785331, 1.396925,-0.300263;;,
      50;3; 0.676500, 1.142630,-0.288100;;,
      51;3; 0.634700, 1.114816,-0.200059;;,
      52;3; 0.692839, 1.473089,-0.000598;;,
      53;3; 0.706156, 1.421093, 0.149273;;,
      54;3; 0.651236, 1.246813, 0.266210;;,
      55;3; 0.550357, 1.179790, 0.363492;;,
      56;3; 0.474139, 1.097267, 0.383247;;,
      57;3; 0.407468, 1.003530, 0.378672;;,
      58;3; 0.325185, 0.902855, 0.356888;;,
      59;3; 0.229528, 0.796304, 0.315422;;,
      60;3; 0.146552, 0.680057, 0.255800;;,
      61;3; 0.083736, 0.557860, 0.177729;;,
      62;3; 0.016094, 0.439599, 0.098936;;,
      63;3;-0.056375, 0.320914, 0.014763;;,
      64;3;-0.120684, 0.204761,-0.066699;;,
      65;3;-0.175566, 0.095368,-0.142412;;,
      66;3;-0.222284,-0.004957,-0.210088;;,
      67;3;-0.261285,-0.093383,-0.267428;;,
      68;3;-0.294022,-0.166165,-0.312496;;,
      69;3;-0.303140,-0.251199,-0.344242;;,
      70;3;-0.281014,-0.191796,-0.357562;;;
    }
  }
  Animation {
    {Armature_root}
    AnimationKey { // Rotation
      0;
      71;
      0;4;-0.707107, 0.707107, 0.000000, 0.000000;;,
      1;4;-0.707107, 0.707107, 0.000000, 0.000000;;,
      2;4;-0.707107, 0.707107, 0.000000, 0.000000;;,
      3;4;-0.707107, 0.707107, 0.000000, 0.000000;;,
      4;4;-0.707107, 0.707107, 0.000000, 0.000000;;,
      5;4;-0.707107, 0.707107, 0.000000, 0.000000;;,
      6;4;-0.707107, 0.707107, 0.000000, 0.000000;;,
      7;4;-0.707107, 0.707107, 0.000000, 0.000000;;,
      8;4;-0.707107, 0.707107, 0.000000, 0.000000;;,
      9;4;-0.707107, 0.707107, 0.000000, 0.000000;;,
      10;4;-0.707107, 0.707107, 0.000000, 0.000000;;,
      11;4;-0.707107, 0.707107, 0.000000, 0.000000;;,
      12;4;-0.707107, 0.707107, 0.000000, 0.000000;;,
      13;4;-0.707107, 0.707107, 0.000000, 0.000000;;,
      14;4;-0.707107, 0.707107, 0.000000, 0.000000;;,
      15;4;-0.707107, 0.707107, 0.000000, 0.000000;;,
      16;4;-0.707107, 0.707107, 0.000000, 0.000000;;,
      17;4;-0.707107, 0.707107, 0.000000, 0.000000;;,
      18;4;-0.707107, 0.707107, 0.000000, 0.000000;;,
      19;4;-0.707107, 0.707107, 0.000000, 0.000000;;,
      20;4;-0.707107, 0.707107, 0.000000, 0.000000;;,
      21;4;-0.707107, 0.707107, 0.000000, 0.000000;;,
      22;4;-0.707107, 0.707107, 0.000000, 0.000000;;,
      23;4;-0.707107, 0.707107, 0.000000, 0.000000;;,
      24;4;-0.707107, 0.707107, 0.000000, 0.000000;;,
      25;4;-0.707107, 0.707107, 0.000000, 0.000000;;,
      26;4;-0.707107, 0.707107, 0.000000, 0.000000;;,
      27;4;-0.707107, 0.707107, 0.000000, 0.000000;;,
      28;4;-0.707107, 0.707107, 0.000000, 0.000000;;,
      29;4;-0.707107, 0.707107, 0.000000, 0.000000;;,
      30;4;-0.707107, 0.707107, 0.000000, 0.000000;;,
      31;4;-0.707107, 0.707107, 0.000000, 0.000000;;,
      32;4;-0.707107, 0.707107, 0.000000, 0.000000;;,
      33;4;-0.707107, 0.707107, 0.000000, 0.000000;;,
      34;4;-0.707107, 0.707107, 0.000000, 0.000000;;,
      35;4;-0.707107, 0.707107, 0.000000, 0.000000;;,
      36;4;-0.707107, 0.707107, 0.000000, 0.000000;;,
      37;4;-0.707107, 0.707107, 0.000000, 0.000000;;,
      38;4;-0.707107, 0.707107, 0.000000, 0.000000;;,
      39;4;-0.707107, 0.707107, 0.000000, 0.000000;;,
      40;4;-0.707107, 0.707107, 0.000000, 0.000000;;,
      41;4;-0.707107, 0.707107, 0.000000, 0.000000;;,
      42;4;-0.707107, 0.707107, 0.000000, 0.000000;;,
      43;4;-0.707107, 0.707107, 0.000000, 0.000000;;,
      44;4;-0.707107, 0.707107, 0.000000, 0.000000;;,
      45;4;-0.707107, 0.707107, 0.000000, 0.000000;;,
      46;4;-0.707107, 0.707107, 0.000000, 0.000000;;,
      47;4;-0.707107, 0.707107, 0.000000, 0.000000;;,
      48;4;-0.707107, 0.707107, 0.000000, 0.000000;;,
      49;4;-0.707107, 0.707107, 0.000000, 0.000000;;,
      50;4;-0.707107, 0.707107, 0.000000, 0.000000;;,
      51;4;-0.707107, 0.707107, 0.000000, 0.000000;;,
      52;4;-0.707107, 0.707107, 0.000000, 0.000000;;,
      53;4;-0.707107, 0.707107, 0.000000, 0.000000;;,
      54;4;-0.707107, 0.707107, 0.000000, 0.000000;;,
      55;4;-0.707107, 0.707107, 0.000000, 0.000000;;,
      56;4;-0.707107, 0.707107, 0.000000, 0.000000;;,
      57;4;-0.707107, 0.707107, 0.000000, 0.000000;;,
      58;4;-0.707107, 0.707107, 0.000000, 0.000000;;,
      59;4;-0.707107, 0.707107, 0.000000, 0.000000;;,
      60;4;-0.707107, 0.707107, 0.000000, 0.000000;;,
      61;4;-0.707107, 0.707107, 0.000000, 0.000000;;,
      62;4;-0.707107, 0.707107, 0.000000, 0.000000;;,
      63;4;-0.707107, 0.707107, 0.000000, 0.000000;;,
      64;4;-0.707107, 0.707107, 0.000000, 0.000000;;,
      65;4;-0.707107, 0.707107, 0.000000, 0.000000;;,
