xof 0303txt 0032

template XSkinMeshHeader {
  <3cf169ce-ff7c-44ab-93c0-f78f62d172e2>
  WORD nMaxSkinWeightsPerVertex;
  WORD nMaxSkinWeightsPerFace;
  WORD nBones;
}

template SkinWeights {
  <6f0d123b-bad2-4167-a0d0-80224f25fabb>
  STRING transformNodeName;
  DWORD nWeights;
  array DWORD vertexIndices[nWeights];
  array float weights[nWeights];
  Matrix4x4 matrixOffset;
}

Frame Root {
  FrameTransformMatrix {
     1.000000, 0.000000, 0.000000, 0.000000,
     0.000000,-0.000000,-1.000000, 0.000000,
     0.000000, 1.000000,-0.000000, 0.000000,
     0.000000, 0.000000, 0.000000, 1.000000;;
  }
  Frame Armature {
    FrameTransformMatrix {
       9.619015, 0.797077, 2.615192, 0.000000,
      -2.141824,-3.748016, 9.020253, 0.000000,
       1.699162,-9.236722,-3.434502, 0.000000,
      -1.780668,-2.954416, 3.708699, 1.000000;;
    }
    Frame Armature_root {
      FrameTransformMatrix {
         1.000000, 0.000000, 0.000000, 0.000000,
         0.000000,-0.000000, 1.000000, 0.000000,
         0.000000,-1.000000,-0.000000, 0.000000,
         0.000000, 0.000000, 0.000000, 1.000000;;
      }
      Frame Armature_Hips {
        FrameTransformMatrix {
           1.000000, 0.000000, 0.000000, 0.000000,
           0.000000, 0.990095, 0.140398, 0.000000,
           0.000000,-0.140398, 0.990095, 0.000000,
           0.000000, 0.672200, 0.000000, 1.000000;;
        }
        Frame Armature_Spine {
          FrameTransformMatrix {
             0.997860, 0.054516, 0.036110, 0.000000,
            -0.047009, 0.981919,-0.183373, 0.000000,
            -0.045454, 0.181283, 0.982380, 0.000000,
             0.000000, 0.097600, 0.000000, 1.000000;;
          }
          Frame Armature_Belt_001 {
            FrameTransformMatrix {
              -0.961509,-0.267288,-0.063767, 0.000000,
               0.261278,-0.961142, 0.089109, 0.000000,
              -0.085109, 0.069017, 0.993979, 0.000000,
               0.058100,-0.018400, 0.073000, 1.000000;;
            }
            Frame Armature_Belt_002 {
              FrameTransformMatrix {
                 0.994168,-0.107832, 0.001505, 0.000000,
                 0.107843, 0.994051,-0.015256, 0.000000,
                 0.000149, 0.015329, 0.999883, 0.000000,
                -0.000000, 0.195300, 0.000000, 1.000000;;
              }
              Frame Armature_Belt_003 {
                FrameTransformMatrix {
                   0.992755,-0.071919, 0.096261, 0.000000,
                   0.075793, 0.996429,-0.037212, 0.000000,
                  -0.093241, 0.044238, 0.994660, 0.000000,
                  -0.000000, 0.124400,-0.000000, 1.000000;;
                }
              } // End of Armature_Belt_003
            } // End of Armature_Belt_002
          } // End of Armature_Belt_001
          Frame Armature_Chest {
            FrameTransformMatrix {
               0.990058, 0.113316, 0.083339, 0.000000,
              -0.088557, 0.962453,-0.256597, 0.000000,
              -0.109287, 0.246666, 0.962919, 0.000000,
               0.000000, 0.074000,-0.000000, 1.000000;;
            }
            Frame Armature_Neck {
              FrameTransformMatrix {
                 0.983280, 0.074220,-0.166285, 0.000000,
                -0.082042, 0.995799,-0.040669, 0.000000,
                 0.162568, 0.053632, 0.985239, 0.000000,
                 0.000000, 0.172600,-0.000000, 1.000000;;
              }
              Frame Armature_Head {
                FrameTransformMatrix {
                   0.983281, 0.058821,-0.172335, 0.000000,
                  -0.065384, 0.997326,-0.032653, 0.000000,
                   0.169954, 0.043375, 0.984497, 0.000000,
                   0.000000, 0.058100, 0.000000, 1.000000;;
                }
                Frame Armature_Bang_L {
                  FrameTransformMatrix {
                    -0.820339,-0.057161,-0.569014, 0.000000,
                     0.000004,-0.994993, 0.099947, 0.000000,
                    -0.571865, 0.081985, 0.816214, 0.000000,
                     0.046900, 0.160400, 0.097500, 1.000000;;
                  }
                } // End of Armature_Bang_L
                Frame Armature_Bang_R {
                  FrameTransformMatrix {
                    -0.820339, 0.057161, 0.569014, 0.000000,
                    -0.000004,-0.994993, 0.099947, 0.000000,
                     0.571865, 0.081985, 0.816214, 0.000000,
                    -0.046900, 0.160400, 0.097500, 1.000000;;
                  }
                } // End of Armature_Bang_R
                Frame Armature_HairSide_L {
                  FrameTransformMatrix {
                    -0.900011, 0.003828,-0.435848, 0.000000,
                    -0.069010,-0.988599, 0.133822, 0.000000,
                    -0.430370, 0.150517, 0.890009, 0.000000,
                     0.097000, 0.155100, 0.067600, 1.000000;;
                  }
                } // End of Armature_HairSide_L
                Frame Armature_HairSide_R {
                  FrameTransformMatrix {
                    -0.900011,-0.003828, 0.435848, 0.000000,
                     0.069010,-0.988600, 0.133822, 0.000000,
                     0.430370, 0.150517, 0.890009, 0.000000,
                    -0.097000, 0.155100, 0.067600, 1.000000;;
                  }
                } // End of Armature_HairSide_R
                Frame Armature_Left_Eye {
                  FrameTransformMatrix {
                     0.984273, 0.000965,-0.176651, 0.000000,
                     0.174547, 0.148653, 0.973363, 0.000000,
                     0.027199,-0.988889, 0.146147, 0.000000,
                     0.031400, 0.076700, 0.040900, 1.000000;;
                  }
                } // End of Armature_Left_Eye
                Frame Armature_Right_Eye {
                  FrameTransformMatrix {
                     0.984273,-0.000964, 0.176650, 0.000000,
                    -0.174547, 0.148653, 0.973363, 0.000000,
                    -0.027198,-0.988889, 0.146147, 0.000000,
                    -0.031400, 0.076700, 0.040900, 1.000000;;
                  }
                } // End of Armature_Right_Eye
                Frame Armature_Ring {
                  FrameTransformMatrix {
                     1.000000, 0.000000,-0.000000, 0.000000,
                    -0.000000, 0.994993,-0.099943, 0.000000,
                     0.000000, 0.099943, 0.994993, 0.000000,
                     0.000000, 0.254900,-0.008400, 1.000000;;
                  }
                } // End of Armature_Ring
              } // End of Armature_Head
              Frame Armature_Hood {
                FrameTransformMatrix {
                   1.000000, 0.000000, 0.000000, 0.000000,
                   0.000000,-0.602876,-0.797835, 0.000000,
                   0.000000, 0.797835,-0.602875, 0.000000,
                  -0.000000, 0.042500,-0.040500, 1.000000;;
                }
              } // End of Armature_Hood
            } // End of Armature_Neck
            Frame Armature_Shoulder_L {
              FrameTransformMatrix {
                 0.183310,-0.979266, 0.086229, 0.000000,
                 0.955147, 0.198172, 0.220051, 0.000000,
                -0.232577, 0.042024, 0.971670, 0.000000,
                 0.000000, 0.172600,-0.000000, 1.000000;;
              }
              Frame Armature_UpperArm_L {
                FrameTransformMatrix {
                   0.056790, 0.051685,-0.997048, 0.000000,
                   0.220802, 0.973280, 0.063029, 0.000000,
                   0.973664,-0.223730, 0.043861, 0.000000,
                   0.000000, 0.071700, 0.000000, 1.000000;;
                }
                Frame Armature_LowerArm_L {
                  FrameTransformMatrix {
                     0.978693,-0.204570,-0.017638, 0.000000,
                     0.043608, 0.123147, 0.991430, 0.000000,
                    -0.200645,-0.971075, 0.129444, 0.000000,
                     0.000000, 0.195000,-0.000000, 1.000000;;
                  }
                  Frame Armature_Hand_L {
                    FrameTransformMatrix {
                       0.922133, 0.265196, 0.281677, 0.000000,
                      -0.144060, 0.911103,-0.386184, 0.000000,
                      -0.359051, 0.315535, 0.878362, 0.000000,
                      -0.000000, 0.180900, 0.000000, 1.000000;;
                    }
                    Frame Armature_Index_Proximal_L {
                      FrameTransformMatrix {
                         0.915525, 0.374940,-0.145720, 0.000000,
                        -0.333115, 0.909726, 0.247856, 0.000000,
                         0.225496,-0.178377, 0.957775, 0.000000,
                        -0.001000, 0.072300, 0.029300, 1.000000;;
                      }
                      Frame Armature_Index_Intermediate_L {
                        FrameTransformMatrix {
                           0.922897,-0.385035, 0.003158, 0.000000,
                           0.385002, 0.922882, 0.007893, 0.000000,
                          -0.005953,-0.006068, 0.999964, 0.000000,
                          -0.000000, 0.020300, 0.000000, 1.000000;;
                        }
                        Frame Armature_Index_Distal_L {
                          FrameTransformMatrix {
                             0.857831,-0.513932, 0.000177, 0.000000,
                             0.513932, 0.857831,-0.000171, 0.000000,
                            -0.000064, 0.000238, 1.000000, 0.000000,
                            -0.000000, 0.019500,-0.000000, 1.000000;;
                          }
                        } // End of Armature_Index_Distal_L
                      } // End of Armature_Index_Intermediate_L
                    } // End of Armature_Index_Proximal_L
                    Frame Armature_Little_Proximal_L {
                      FrameTransformMatrix {
                         0.989498,-0.101262, 0.103150, 0.000000,
                         0.095442, 0.993631, 0.059894, 0.000000,
                        -0.108558,-0.049421, 0.992861, 0.000000,
                         0.000500, 0.068300,-0.019200, 1.000000;;
                      }
                      Frame Armature_Little_Intermediate_L {
                        FrameTransformMatrix {
                           0.786654,-0.617374,-0.004919, 0.000000,
                           0.617392, 0.786606, 0.008796, 0.000000,
                          -0.001561,-0.009957, 0.999949, 0.000000,
                          -0.000000, 0.018400,-0.000000, 1.000000;;
                        }
                        Frame Armature_Little_Distal_L {
                          FrameTransformMatrix {
                             0.978411,-0.206667,-0.000007, 0.000000,
                             0.206667, 0.978411,-0.000000, 0.000000,
                             0.000007,-0.000001, 1.000000, 0.000000,
                            -0.000000, 0.018500, 0.000000, 1.000000;;
                          }
                        } // End of Armature_Little_Distal_L
                      } // End of Armature_Little_Intermediate_L
                    } // End of Armature_Little_Proximal_L
                    Frame Armature_Middle_Proximal_L {
                      FrameTransformMatrix {
                         0.978519, 0.170468,-0.115933, 0.000000,
                        -0.145213, 0.969114, 0.199327, 0.000000,
                         0.146331,-0.178210, 0.973051, 0.000000,
                        -0.001200, 0.074600, 0.013600, 1.000000;;
                      }
                      Frame Armature_Middle_Intermediate_L {
                        FrameTransformMatrix {
                           0.930725,-0.365718,-0.001058, 0.000000,
                           0.365717, 0.930726,-0.000619, 0.000000,
                           0.001211, 0.000189, 0.999999, 0.000000,
                           0.000000, 0.021800, 0.000000, 1.000000;;
                        }
                        Frame Armature_Middle_Distal_L {
                          FrameTransformMatrix {
                             0.929749,-0.368194,-0.000000, 0.000000,
                             0.368194, 0.929749,-0.000000, 0.000000,
                             0.000000,-0.000000, 1.000000, 0.000000,
                            -0.000000, 0.019600,-0.000000, 1.000000;;
                          }
                        } // End of Armature_Middle_Distal_L
                      } // End of Armature_Middle_Intermediate_L
                    } // End of Armature_Middle_Proximal_L
                    Frame Armature_Ring_Proximal_L {
                      FrameTransformMatrix {
                         0.988510,-0.102102,-0.111461, 0.000000,
                         0.114973, 0.986583, 0.115914, 0.000000,
                         0.098131,-0.127397, 0.986986, 0.000000,
                        -0.000000, 0.073700,-0.003500, 1.000000;;
                      }
                      Frame Armature_Ring_Intermediate_L {
                        FrameTransformMatrix {
                           0.929345,-0.369213,-0.000772, 0.000000,
                           0.369213, 0.929335, 0.004337, 0.000000,
                          -0.000883,-0.004316, 0.999990, 0.000000,
                           0.000000, 0.022300,-0.000000, 1.000000;;
                        }
                        Frame Armature_Ring_Distal_L {
                          FrameTransformMatrix {
                             0.900806,-0.434222, 0.000002, 0.000000,
                             0.434222, 0.900806,-0.000000, 0.000000,
                            -0.000002, 0.000001, 1.000000, 0.000000,
                             0.000000, 0.017900, 0.000000, 1.000000;;
                          }
                        } // End of Armature_Ring_Distal_L
                      } // End of Armature_Ring_Intermediate_L
                    } // End of Armature_Ring_Proximal_L
                    Frame Armature_Thumb_Proximal_L {
                      FrameTransformMatrix {
                         0.957504,-0.223376,-0.182453, 0.000000,
                         0.286567, 0.665225, 0.689461, 0.000000,
                        -0.032637,-0.712446, 0.700968, 0.000000,
                         0.019000, 0.053600, 0.043600, 1.000000;;
                      }
                      Frame Armature_Thumb_Intermediate_L {
                        FrameTransformMatrix {
                           0.988210, 0.014171, 0.152449, 0.000000,
                           0.037771, 0.942368,-0.332438, 0.000000,
                          -0.148374, 0.334277, 0.930722, 0.000000,
                          -0.000000, 0.013000,-0.000000, 1.000000;;
                        }
                        Frame Armature_Thumb_Distal_L {
                          FrameTransformMatrix {
                             0.999826, 0.013696,-0.012629, 0.000000,
                            -0.014974, 0.994108,-0.107355, 0.000000,
                             0.011085, 0.107526, 0.994141, 0.000000,
                            -0.000000, 0.012200, 0.000000, 1.000000;;
                          }
                        } // End of Armature_Thumb_Distal_L
                      } // End of Armature_Thumb_Intermediate_L
                    } // End of Armature_Thumb_Proximal_L
                  } // End of Armature_Hand_L
                } // End of Armature_LowerArm_L
              } // End of Armature_UpperArm_L
            } // End of Armature_Shoulder_L
            Frame Armature_Shoulder_R {
              FrameTransformMatrix {
                 0.103605, 0.990628,-0.089004, 0.000000,
                -0.949448, 0.125165, 0.287893, 0.000000,
                 0.296335, 0.054678, 0.953518, 0.000000,
                 0.000000, 0.172600,-0.000000, 1.000000;;
              }
              Frame Armature_UpperArm_R {
                FrameTransformMatrix {
                   0.460142, 0.482328, 0.745405, 0.000000,
                  -0.523785, 0.825372,-0.210738, 0.000000,
                  -0.716882,-0.293462, 0.632424, 0.000000,
                   0.000000, 0.071700, 0.000000, 1.000000;;
                }
                Frame Armature_LowerArm_R {
                  FrameTransformMatrix {
                     0.535585,-0.361444, 0.763222, 0.000000,
                    -0.277905, 0.777999, 0.563459, 0.000000,
                    -0.797445,-0.513883, 0.316238, 0.000000,
                     0.000000, 0.195000, 0.000000, 1.000000;;
                  }
                  Frame Armature_Hand_R {
                    FrameTransformMatrix {
                       0.959812, 0.126536,-0.250498, 0.000000,
                      -0.166380, 0.975371,-0.144807, 0.000000,
                       0.226005, 0.180665, 0.957226, 0.000000,
                       0.000000, 0.180900,-0.000000, 1.000000;;
                    }
                    Frame Armature_Index_Proximal_R {
                      FrameTransformMatrix {
                         0.942523,-0.187159, 0.276808, 0.000000,
                         0.067936, 0.918444, 0.389673, 0.000000,
                        -0.327163,-0.348470, 0.878369, 0.000000,
                         0.001000, 0.072300, 0.029300, 1.000000;;
                      }
                      Frame Armature_Index_Intermediate_R {
                        FrameTransformMatrix {
                           0.908401, 0.418095,-0.002056, 0.000000,
                          -0.418068, 0.908380, 0.008097, 0.000000,
                           0.005253,-0.006496, 0.999965, 0.000000,
                           0.000000, 0.020300,-0.000000, 1.000000;;
                        }
                        Frame Armature_Index_Distal_R {
                          FrameTransformMatrix {
                             0.857831, 0.513932,-0.000177, 0.000000,
                            -0.513932, 0.857831,-0.000171, 0.000000,
                             0.000064, 0.000238, 1.000000, 0.000000,
                            -0.000000, 0.019500, 0.000000, 1.000000;;
                          }
                        } // End of Armature_Index_Distal_R
                      } // End of Armature_Index_Intermediate_R
                    } // End of Armature_Index_Proximal_R
                    Frame Armature_Little_Proximal_R {
                      FrameTransformMatrix {
                         0.891992, 0.269001,-0.363302, 0.000000,
                        -0.312659, 0.947566,-0.066042, 0.000000,
                         0.326487, 0.172498, 0.929328, 0.000000,
                        -0.000500, 0.068300,-0.019200, 1.000000;;
                      }
                      Frame Armature_Little_Intermediate_R {
                        FrameTransformMatrix {
                           0.725169, 0.688523, 0.008154, 0.000000,
                          -0.688568, 0.725079, 0.011560, 0.000000,
                           0.002047,-0.013998, 0.999900, 0.000000,
                           0.000000, 0.018400, 0.000000, 1.000000;;
                        }
                        Frame Armature_Little_Distal_R {
                          FrameTransformMatrix {
                             0.978411, 0.206667, 0.000007, 0.000000,
                            -0.206667, 0.978411, 0.000000, 0.000000,
                            -0.000007,-0.000001, 1.000000, 0.000000,
                             0.000000, 0.018500, 0.000000, 1.000000;;
                          }
                        } // End of Armature_Little_Distal_R
                      } // End of Armature_Little_Intermediate_R
                    } // End of Armature_Little_Proximal_R
                    Frame Armature_Middle_Proximal_R {
                      FrameTransformMatrix {
                         0.997343, 0.002601, 0.072807, 0.000000,
                        -0.018494, 0.975667, 0.218477, 0.000000,
                        -0.070467,-0.219243, 0.973122, 0.000000,
                         0.001200, 0.074600, 0.013600, 1.000000;;
                      }
                      Frame Armature_Middle_Intermediate_R {
                        FrameTransformMatrix {
                           0.833193, 0.552951, 0.005874, 0.000000,
                          -0.552979, 0.833177, 0.005545, 0.000000,
                          -0.001828,-0.007868, 0.999967, 0.000000,
                          -0.000000, 0.021800, 0.000000, 1.000000;;
                        }
                        Frame Armature_Middle_Distal_R {
                          FrameTransformMatrix {
                             0.929749, 0.368194, 0.000000, 0.000000,
                            -0.368194, 0.929749, 0.000000, 0.000000,
                            -0.000000,-0.000000, 1.000000, 0.000000,
                            -0.000000, 0.019600,-0.000000, 1.000000;;
                          }
                        } // End of Armature_Middle_Distal_R
                      } // End of Armature_Middle_Intermediate_R
                    } // End of Armature_Middle_Proximal_R
                    Frame Armature_Ring_Proximal_R {
                      FrameTransformMatrix {
                         0.965278, 0.226902,-0.129440, 0.000000,
                        -0.225108, 0.973916, 0.028522, 0.000000,
                         0.132535, 0.001606, 0.991177, 0.000000,
                         0.000000, 0.073700,-0.003500, 1.000000;;
                      }
                      Frame Armature_Ring_Intermediate_R {
                        FrameTransformMatrix {
                           0.840285, 0.542128, 0.004280, 0.000000,
                          -0.542141, 0.840227, 0.010108, 0.000000,
                           0.001883,-0.010814, 0.999940, 0.000000,
                           0.000000, 0.022300, 0.000000, 1.000000;;
                        }
                        Frame Armature_Ring_Distal_R {
                          FrameTransformMatrix {
                             0.900806, 0.434222,-0.000004, 0.000000,
                            -0.434222, 0.900806,-0.000000, 0.000000,
                             0.000003, 0.000002, 1.000000, 0.000000,
                            -0.000000, 0.017900,-0.000000, 1.000000;;
                          }
                        } // End of Armature_Ring_Distal_R
                      } // End of Armature_Ring_Intermediate_R
                    } // End of Armature_Ring_Proximal_R
                    Frame Armature_Thumb_Proximal_R {
                      FrameTransformMatrix {
                         0.964696, 0.173302, 0.198312, 0.000000,
                        -0.263295, 0.652042, 0.710997, 0.000000,
                        -0.006090,-0.738111, 0.674652, 0.000000,
                        -0.019000, 0.053600, 0.043600, 1.000000;;
                      }
                      Frame Armature_Thumb_Intermediate_R {
                        FrameTransformMatrix {
                           0.987346, 0.002289,-0.158567, 0.000000,
                          -0.047387, 0.958471,-0.281226, 0.000000,
                           0.151338, 0.285181, 0.946450, 0.000000,
                          -0.000000, 0.013000,-0.000000, 1.000000;;
                        }
                        Frame Armature_Thumb_Distal_R {
                          FrameTransformMatrix {
                             0.999826,-0.013697, 0.012629, 0.000000,
                             0.014974, 0.994108,-0.107355, 0.000000,
                            -0.011085, 0.107526, 0.994141, 0.000000,
                            -0.000000, 0.012200,-0.000000, 1.000000;;
                          }
                        } // End of Armature_Thumb_Distal_R
                      } // End of Armature_Thumb_Intermediate_R
                    } // End of Armature_Thumb_Proximal_R
                  } // End of Armature_Hand_R
                } // End of Armature_LowerArm_R
              } // End of Armature_UpperArm_R
            } // End of Armature_Shoulder_R
          } // End of Armature_Chest
        } // End of Armature_Spine
        Frame Armature_UpperLeg_L {
          FrameTransformMatrix {
            -0.966301,-0.250738,-0.058248, 0.000000,
             0.198864,-0.870827, 0.449571, 0.000000,
            -0.163448, 0.422837, 0.891348, 0.000000,
             0.055900,-0.012100, 0.001700, 1.000000;;
          }
          Frame Armature_LowerLeg_L {
            FrameTransformMatrix {
               0.820610,-0.215096,-0.529465, 0.000000,
              -0.209259, 0.749029,-0.628623, 0.000000,
               0.531799, 0.626649, 0.569650, 0.000000,
              -0.000000, 0.279900, 0.000000, 1.000000;;
            }
            Frame Armature_Foot_L {
              FrameTransformMatrix {
                 1.000000,-0.000001,-0.000002, 0.000000,
                 0.000002, 0.752218, 0.658915, 0.000000,
                 0.000000,-0.658915, 0.752218, 0.000000,
                 0.000000, 0.284500,-0.000000, 1.000000;;
              }
            } // End of Armature_Foot_L
          } // End of Armature_LowerLeg_L
        } // End of Armature_UpperLeg_L
        Frame Armature_UpperLeg_R {
          FrameTransformMatrix {
            -0.934655, 0.326360,-0.141099, 0.000000,
            -0.353369,-0.896578, 0.266979, 0.000000,
            -0.039375, 0.299394, 0.953322, 0.000000,
            -0.055900,-0.012100, 0.001700, 1.000000;;
          }
          Frame Armature_LowerLeg_R {
            FrameTransformMatrix {
               0.902231, 0.155859, 0.402105, 0.000000,
               0.116610, 0.809505,-0.575417, 0.000000,
              -0.415189, 0.566048, 0.712185, 0.000000,
              -0.000000, 0.279900, 0.000000, 1.000000;;
            }
            Frame Armature_Foot_R {
              FrameTransformMatrix {
                 1.000000, 0.000001, 0.000002, 0.000000,
                -0.000002, 0.752218, 0.658915, 0.000000,
                -0.000000,-0.658915, 0.752218, 0.000000,
                -0.000000, 0.284500,-0.000000, 1.000000;;
              }
            } // End of Armature_Foot_R
          } // End of Armature_LowerLeg_R
        } // End of Armature_UpperLeg_R
      } // End of Armature_Hips
    } // End of Armature_root
  } // End of Armature
} // End of Root
AnimationSet Global {
  Animation {
    {Armature}
    AnimationKey { // Rotation
      0;
      221;
      0;4;-0.872638,-0.005197,-0.037706,-0.486882;;,
      1;4;-0.871850,-0.010932,-0.032070,-0.488600;;,
      2;4;-0.870447,-0.016225,-0.026613,-0.491274;;,
      3;4;-0.870737,-0.021774,-0.021797,-0.490784;;,
      4;4;-0.874333,-0.028070,-0.017890,-0.484183;;,
      5;4;-0.880680,-0.035217,-0.014623,-0.472175;;,
      6;4;-0.888202,-0.042835,-0.011676,-0.457303;;,
      7;4;-0.896240,-0.050627,-0.009080,-0.440577;;,
      8;4;-0.904308,-0.058320,-0.006773,-0.422823;;,
      9;4;-0.912077,-0.065683,-0.004642,-0.404697;;,
      10;4;-0.919317,-0.072599,-0.002692,-0.386753;;,
      11;4;-0.925877,-0.079024,-0.001020,-0.369467;;,
      12;4;-0.931703,-0.084911, 0.000372,-0.353156;;,
      13;4;-0.936805,-0.090200, 0.001584,-0.338021;;,
      14;4;-0.941208,-0.094916, 0.002552,-0.324210;;,
      15;4;-0.944964,-0.099063, 0.003299,-0.311800;;,
      16;4;-0.948124,-0.102661, 0.003841,-0.300845;;,
      17;4;-0.950691,-0.105543, 0.004086,-0.291602;;,
      18;4;-0.952592,-0.106928, 0.003674,-0.284817;;,
      19;4;-0.954411,-0.107987, 0.003436,-0.278257;;,
      20;4;-0.956025,-0.108655, 0.003249,-0.272395;;,
      21;4;-0.957402,-0.108876, 0.003015,-0.267431;;,
      22;4;-0.958519,-0.108616, 0.002637,-0.263510;;,
      23;4;-0.959348,-0.107931, 0.002081,-0.260765;;,
      24;4;-0.959911,-0.106914, 0.001386,-0.259111;;,
      25;4;-0.960242,-0.105646, 0.000611,-0.258406;;,
      26;4;-0.960389,-0.104167,-0.000199,-0.258462;;,
      27;4;-0.960411,-0.102559,-0.000985,-0.259020;;,
      28;4;-0.960381,-0.100884,-0.001584,-0.259786;;,
      29;4;-0.960383,-0.099163,-0.001764,-0.260440;;,
      30;4;-0.960511,-0.097394,-0.001398,-0.260635;;,
      31;4;-0.960837,-0.095645,-0.000370,-0.260084;;,
      32;4;-0.961395,-0.094091, 0.001357,-0.258584;;,
      33;4;-0.962226,-0.092644, 0.003446,-0.255982;;,
      34;4;-0.963319,-0.091262, 0.005506,-0.252304;;,
      35;4;-0.964628,-0.090153, 0.007170,-0.247616;;,
      36;4;-0.966150,-0.089128, 0.008306,-0.241952;;,
      37;4;-0.967824,-0.088121, 0.008935,-0.235524;;,
      38;4;-0.969587,-0.087337, 0.009072,-0.228451;;,
      39;4;-0.971392,-0.086647, 0.009037,-0.220927;;,
      40;4;-0.973166,-0.086044, 0.009065,-0.213220;;,
      41;4;-0.974867,-0.085675, 0.009141,-0.205454;;,
      42;4;-0.976457,-0.085444, 0.009303,-0.197851;;,
      43;4;-0.977897,-0.085331, 0.009486,-0.190645;;,
      44;4;-0.979180,-0.085374, 0.009620,-0.183919;;,
      45;4;-0.980306,-0.085486, 0.009635,-0.177761;;,
      46;4;-0.981297,-0.085565, 0.009643,-0.172165;;,
      47;4;-0.982172,-0.085567, 0.009739,-0.167097;;,
      48;4;-0.982953,-0.085416, 0.009918,-0.162507;;,
      49;4;-0.983669,-0.085043, 0.010245,-0.158300;;,
      50;4;-0.984334,-0.084418, 0.010803,-0.154411;;,
      51;4;-0.984971,-0.083486, 0.011599,-0.150760;;,
      52;4;-0.985569,-0.082228, 0.012416,-0.147439;;,
      53;4;-0.986160,-0.080583, 0.013529,-0.144264;;,
      54;4;-0.986766,-0.078494, 0.015018,-0.141090;;,
      55;4;-0.987350,-0.075984, 0.016517,-0.138177;;,
      56;4;-0.987897,-0.073141, 0.018041,-0.135589;;,
      57;4;-0.988382,-0.070115, 0.019496,-0.133434;;,
      58;4;-0.988785,-0.067016, 0.020840,-0.131830;;,
      59;4;-0.989050,-0.064053, 0.021969,-0.131130;;,
      60;4;-0.989142,-0.061432, 0.022896,-0.131529;;,
      61;4;-0.989057,-0.059218, 0.023653,-0.133040;;,
      62;4;-0.988756,-0.057504, 0.023949,-0.135949;;,
      63;4;-0.988225,-0.056352, 0.023918,-0.140231;;,
      64;4;-0.987488,-0.055727, 0.023637,-0.145613;;,
      65;4;-0.986527,-0.055560, 0.023369,-0.152092;;,
      66;4;-0.985341,-0.055881, 0.023492,-0.159464;;,
      67;4;-0.984041,-0.056563, 0.024045,-0.166991;;,
      68;4;-0.982768,-0.057260, 0.025429,-0.173902;;,
      69;4;-0.981705,-0.057934, 0.028500,-0.179128;;,
      70;4;-0.981002,-0.058529, 0.032102,-0.182152;;,
      71;4;-0.980749,-0.058482, 0.034982,-0.182998;;,
      72;4;-0.981062,-0.057820, 0.038057,-0.180901;;,
      73;4;-0.981994,-0.056746, 0.040465,-0.175586;;,
      74;4;-0.983597,-0.054348, 0.042176,-0.166749;;,
      75;4;-0.985617,-0.050810, 0.044090,-0.155025;;,
      76;4;-0.987791,-0.046569, 0.046200,-0.141301;;,
      77;4;-0.989907,-0.041013, 0.048402,-0.126724;;,
      78;4;-0.991754,-0.034256, 0.051220,-0.112370;;,
      79;4;-0.993222,-0.026714, 0.054615,-0.099059;;,
      80;4;-0.994288,-0.018314, 0.058188,-0.087581;;,
      81;4;-0.994962,-0.009408, 0.061798,-0.078379;;,
      82;4;-0.995327,-0.000605, 0.064798,-0.071584;;,
      83;4;-0.995488, 0.007599, 0.066846,-0.066914;;,
      84;4;-0.995500, 0.015098, 0.068233,-0.063999;;,
      85;4;-0.995425, 0.021936, 0.068151,-0.063268;;,
      86;4;-0.995343, 0.027716, 0.066248,-0.064310;;,
      87;4;-0.995211, 0.032892, 0.063315,-0.066817;;,
      88;4;-0.994965, 0.038492, 0.059629,-0.070764;;,
      89;4;-0.994620, 0.044262, 0.055419,-0.075500;;,
      90;4;-0.994138, 0.050251, 0.051753,-0.080541;;,
      91;4;-0.993459, 0.056958, 0.049092,-0.085937;;,
      92;4;-0.992608, 0.064153, 0.047258,-0.091540;;,
      93;4;-0.991588, 0.071636, 0.046233,-0.097387;;,
      94;4;-0.990406, 0.078907, 0.046095,-0.103659;;,
      95;4;-0.989086, 0.085977, 0.046559,-0.110222;;,
      96;4;-0.987595, 0.093383, 0.047328,-0.117028;;,
      97;4;-0.985989, 0.100295, 0.048565,-0.124131;;,
      98;4;-0.984306, 0.106455, 0.050349,-0.131434;;,
      99;4;-0.982472, 0.112746, 0.052335,-0.138918;;,
      100;4;-0.980513, 0.118729, 0.054398,-0.146760;;,
      101;4;-0.978465, 0.124025, 0.056759,-0.154924;;,
      102;4;-0.976289, 0.129317, 0.059235,-0.163180;;,
      103;4;-0.974018, 0.134733, 0.061684,-0.171263;;,
      104;4;-0.971691, 0.140215, 0.064375,-0.178922;;,
      105;4;-0.969327, 0.146020, 0.067198,-0.185925;;,
      106;4;-0.967018, 0.152261, 0.069940,-0.191834;;,
      107;4;-0.964795, 0.159038, 0.072770,-0.196425;;,
      108;4;-0.962629, 0.166362, 0.075613,-0.199878;;,
      109;4;-0.960572, 0.174107, 0.078168,-0.202182;;,
      110;4;-0.958613, 0.182363, 0.080551,-0.203264;;,
      111;4;-0.956650, 0.191149, 0.082772,-0.203550;;,
      112;4;-0.954652, 0.200226, 0.084543,-0.203476;;,
      113;4;-0.952631, 0.209658, 0.086097,-0.202792;;,
      114;4;-0.950544, 0.219644, 0.087695,-0.201328;;,
      115;4;-0.948381, 0.230126, 0.089314,-0.199093;;,
      116;4;-0.946141, 0.241053, 0.090811,-0.196123;;,
      117;4;-0.943787, 0.252566, 0.092072,-0.192352;;,
      118;4;-0.941315, 0.264744, 0.093051,-0.187561;;,
      119;4;-0.938698, 0.277576, 0.093614,-0.181751;;,
      120;4;-0.935858, 0.291192, 0.093728,-0.174907;;,
      121;4;-0.932729, 0.305664, 0.093359,-0.166944;;,
      122;4;-0.929253, 0.320882, 0.092375,-0.158085;;,
      123;4;-0.925302, 0.336890, 0.090830,-0.148568;;,
      124;4;-0.920760, 0.353697, 0.088739,-0.138657;;,
      125;4;-0.915590, 0.371125, 0.086144,-0.128606;;,
      126;4;-0.909716, 0.389153, 0.083157,-0.118582;;,
      127;4;-0.903008, 0.407924, 0.080017,-0.108501;;,
      128;4;-0.895355, 0.427469, 0.076913,-0.098454;;,
      129;4;-0.886580, 0.448009, 0.073870,-0.088362;;,
      130;4;-0.876434, 0.469818, 0.070743,-0.078295;;,
      131;4;-0.864646, 0.493108, 0.067558,-0.068330;;,
      132;4;-0.850788, 0.518317, 0.063957,-0.058452;;,
      133;4;-0.834486, 0.545624, 0.059898,-0.048363;;,
      134;4;-0.815790, 0.574449, 0.055222,-0.038019;;,
      135;4;-0.794787, 0.604280, 0.049073,-0.027412;;,
      136;4;-0.771494, 0.634673, 0.041306,-0.016729;;,
      137;4;-0.746741, 0.664304, 0.032274,-0.006050;;,
      138;4;-0.721849, 0.691706, 0.021414, 0.004273;;,
      139;4;-0.697611, 0.716281, 0.009025, 0.014075;;,
      140;4;-0.674855, 0.737575,-0.003801, 0.023232;;,
      141;4;-0.654683, 0.755067,-0.016705, 0.031404;;,
      142;4;-0.637359, 0.769033,-0.028904, 0.039067;;,
      143;4;-0.622392, 0.780344,-0.039616, 0.046076;;,
      144;4;-0.609589, 0.789489,-0.048295, 0.052696;;,
      145;4;-0.598557, 0.797051,-0.054837, 0.058592;;,
      146;4;-0.588506, 0.803765,-0.059117, 0.064255;;,
      147;4;-0.579066, 0.809989,-0.061512, 0.069394;;,
      148;4;-0.570214, 0.815802,-0.062410, 0.073670;;,
      149;4;-0.561817, 0.821310,-0.062167, 0.077117;;,
      150;4;-0.553951, 0.826442,-0.061229, 0.079897;;,
      151;4;-0.546876, 0.830981,-0.059881, 0.082531;;,
      152;4;-0.540841, 0.834740,-0.058246, 0.085482;;,
      153;4;-0.536137, 0.837542,-0.056450, 0.088854;;,
      154;4;-0.532896, 0.839313,-0.054620, 0.092695;;,
      155;4;-0.531070, 0.840097,-0.052786, 0.097036;;,
      156;4;-0.530599, 0.839926,-0.050878, 0.101978;;,
      157;4;-0.531449, 0.838822,-0.048893, 0.107466;;,
      158;4;-0.533465, 0.836900,-0.046864, 0.113215;;,
      159;4;-0.536460, 0.834378,-0.045133, 0.118270;;,
      160;4;-0.540448, 0.831289,-0.043918, 0.122249;;,
      161;4;-0.545384, 0.827600,-0.042988, 0.125645;;,
      162;4;-0.551081, 0.823370,-0.042026, 0.128860;;,
      163;4;-0.557595, 0.818559,-0.041071, 0.131767;;,
      164;4;-0.564884, 0.813120,-0.039876, 0.134728;;,
      165;4;-0.572594, 0.807376,-0.038579, 0.137083;;,
      166;4;-0.580851, 0.801173,-0.036887, 0.139190;;,
      167;4;-0.589676, 0.794427,-0.034668, 0.141304;;,
      168;4;-0.598534, 0.787645,-0.032256, 0.142590;;,
      169;4;-0.607329, 0.780909,-0.029504, 0.143048;;,
      170;4;-0.615893, 0.774450,-0.027675, 0.141904;;,
      171;4;-0.623911, 0.768201,-0.024194, 0.141483;;,
      172;4;-0.631018, 0.762975,-0.022335, 0.138518;;,
      173;4;-0.637829, 0.757513,-0.013841, 0.138406;;,
      174;4;-0.643203, 0.753509,-0.009606, 0.135724;;,
      175;4;-0.647098, 0.751285,-0.011594, 0.129235;;,
      176;4;-0.650159, 0.749666,-0.012777, 0.123011;;,
      177;4;-0.652464, 0.748406,-0.011838, 0.118485;;,
      178;4;-0.654050, 0.747611,-0.010181, 0.114858;;,
      179;4;-0.655203, 0.747098,-0.008228, 0.111736;;,
      180;4;-0.656116, 0.746755,-0.006218, 0.108770;;,
      181;4;-0.656854, 0.746553,-0.003972, 0.105759;;,
      182;4;-0.657571, 0.746419,-0.001533, 0.102263;;,
      183;4;-0.658359, 0.746246, 0.001439, 0.098377;;,
      184;4;-0.659061, 0.746164, 0.004946, 0.094090;;,
      185;4;-0.659522, 0.746327, 0.008668, 0.089172;;,
      186;4;-0.659669, 0.746770, 0.012441, 0.083765;;,
      187;4;-0.659358, 0.747570, 0.016218, 0.078250;;,
      188;4;-0.658496, 0.748786, 0.019874, 0.072861;;,
      189;4;-0.657132, 0.750319, 0.023682, 0.068102;;,
      190;4;-0.655340, 0.752100, 0.027610, 0.064125;;,
      191;4;-0.653233, 0.754219, 0.029503, 0.059747;;,
      192;4;-0.650986, 0.756448, 0.030157, 0.055618;;,
      193;4;-0.648772, 0.758553, 0.030650, 0.052465;;,
      194;4;-0.646709, 0.760473, 0.030654, 0.050079;;,
      195;4;-0.644925, 0.762069, 0.030757, 0.048741;;,
      196;4;-0.643585, 0.763228, 0.030785, 0.048315;;,
      197;4;-0.642756, 0.763899, 0.030785, 0.048745;;,
      198;4;-0.642424, 0.764113, 0.030628, 0.049849;;,
      199;4;-0.642508, 0.763957, 0.030242, 0.051366;;,
      200;4;-0.642634, 0.763768, 0.029877, 0.052800;;,
      201;4;-0.642769, 0.763581, 0.029340, 0.054142;;,
      202;4;-0.642913, 0.763378, 0.028881, 0.055529;;,
      203;4;-0.643073, 0.763216, 0.027692, 0.056488;;,
      204;4;-0.643236, 0.762989, 0.027309, 0.057882;;,
      205;4;-0.643409, 0.762756, 0.026867, 0.059216;;,
      206;4;-0.643588, 0.762501, 0.026630, 0.060650;;,
      207;4;-0.643775, 0.762254, 0.026174, 0.061949;;,
      208;4;-0.643966, 0.762003, 0.025697, 0.063232;;,
      209;4;-0.644162, 0.761741, 0.025281, 0.064548;;,
      210;4;-0.644361, 0.761475, 0.024855, 0.065860;;,
      211;4;-0.644562, 0.761194, 0.024547, 0.067242;;,
      212;4;-0.644763, 0.760898, 0.024373, 0.068702;;,
      213;4;-0.644966, 0.760615, 0.024009, 0.070052;;,
      214;4;-0.645167, 0.760352, 0.023394, 0.071256;;,
      215;4;-0.645365, 0.760127, 0.022340, 0.072202;;,
      216;4;-0.645560, 0.759857, 0.021799, 0.073450;;,
      217;4;-0.645751, 0.759589, 0.021237, 0.074692;;,
      218;4;-0.645937, 0.759322, 0.020684, 0.075947;;,
      219;4;-0.646116, 0.759067, 0.020021, 0.077143;;,
      220;4;-0.646287, 0.758821, 0.019291, 0.078307;;;
    }
    AnimationKey { // Scale
      1;
      221;
      0;3;10.000000,10.000000,10.000000;;,
      1;3;10.000000,10.000000,10.000002;;,
      2;3;10.000000,10.000000,10.000000;;,
      3;3;10.000000,10.000000,10.000000;;,
      4;3;10.000000,10.000000,10.000000;;,
      5;3;10.000000,10.000000,10.000000;;,
      6;3;10.000000,10.000000,10.000000;;,
      7;3;10.000000,10.000000,10.000000;;,
      8;3;10.000000,10.000000,10.000000;;,
      9;3;10.000000,10.000000,10.000000;;,
      10;3;10.000000,10.000000,10.000000;;,
      11;3;10.000000,10.000000,10.000000;;,
      12;3;10.000000,10.000000,10.000000;;,
      13;3;10.000000,10.000000,10.000000;;,
      14;3;10.000000,10.000000,10.000000;;,
      15;3;10.000000,10.000000,10.000000;;,
      16;3;10.000000,10.000000,10.000000;;,
      17;3;10.000000,10.000000,10.000000;;,
      18;3;10.000000,10.000000,10.000000;;,
      19;3;10.000000, 9.999999,10.000000;;,
      20;3;10.000000,10.000000,10.000000;;,
      21;3;10.000000,10.000000,10.000000;;,
      22;3;10.000000,10.000000,10.000000;;,
      23;3;10.000000,10.000000,10.000000;;,
      24;3; 9.999999,10.000000,10.000000;;,
      25;3; 9.999999,10.000000,10.000000;;,
      26;3;10.000000,10.000000,10.000000;;,
      27;3;10.000000,10.000000,10.000000;;,
      28;3;10.000000, 9.999999,10.000000;;,
      29;3;10.000000,10.000000,10.000000;;,
      30;3;10.000000, 9.999999,10.000000;;,
      31;3;10.000000,10.000000,10.000000;;,
      32;3;10.000000,10.000000,10.000000;;,
      33;3;10.000000,10.000000,10.000000;;,
      34;3;10.000000,10.000000,10.000000;;,
      35;3; 9.999998,10.000000, 9.999998;;,
      36;3;10.000000,10.000000,10.000000;;,
      37;3;10.000000,10.000000,10.000000;;,
      38;3;10.000000,10.000000,10.000000;;,
