xof 0303txt 0032

template XSkinMeshHeader {
  <3cf169ce-ff7c-44ab-93c0-f78f62d172e2>
  WORD nMaxSkinWeightsPerVertex;
  WORD nMaxSkinWeightsPerFace;
  WORD nBones;
}

template SkinWeights {
  <6f0d123b-bad2-4167-a0d0-80224f25fabb>
  STRING transformNodeName;
  DWORD nWeights;
  array DWORD vertexIndices[nWeights];
  array float weights[nWeights];
  Matrix4x4 matrixOffset;
}

Frame Root {
  FrameTransformMatrix {
     1.000000, 0.000000, 0.000000, 0.000000,
     0.000000,-0.000000,-1.000000, 0.000000,
     0.000000, 1.000000,-0.000000, 0.000000,
     0.000000, 0.000000, 0.000000, 1.000000;;
  }
  Frame Armature {
    FrameTransformMatrix {
       9.946767,-0.901103,-0.499839, 0.000000,
       0.867132, 9.940172,-0.664128, 0.000000,
       0.556693, 0.617250, 9.965395, 0.000000,
      -0.428680,-0.454016,-0.027589, 1.000000;;
    }
    Frame Armature_root {
      FrameTransformMatrix {
         1.000000, 0.000000, 0.000000, 0.000000,
         0.000000,-0.000000, 1.000000, 0.000000,
         0.000000,-1.000000,-0.000000, 0.000000,
         0.000000, 0.000000, 0.000000, 1.000000;;
      }
      Frame Armature_Hips {
        FrameTransformMatrix {
           1.000000, 0.000000, 0.000000, 0.000000,
           0.000000, 0.990095, 0.140398, 0.000000,
           0.000000,-0.140398, 0.990095, 0.000000,
           0.000000, 0.672200, 0.000000, 1.000000;;
        }
        Frame Armature_Spine {
          FrameTransformMatrix {
             0.999164, 0.034633,-0.021711, 0.000000,
             0.018943, 0.078349, 0.996746, 0.000000,
             0.036221,-0.996324, 0.077627, 0.000000,
             0.000000, 0.097600, 0.000000, 1.000000;;
          }
          Frame Armature_Belt_001 {
            FrameTransformMatrix {
              -0.961504,-0.063770, 0.267288, 0.000000,
               0.261278, 0.089109, 0.961142, 0.000000,
              -0.085109, 0.993979,-0.069017, 0.000000,
               0.058100, 0.073000, 0.018400, 1.000000;;
            }
            Frame Armature_Belt_002 {
              FrameTransformMatrix {
                 0.994168,-0.107833, 0.001505, 0.000000,
                 0.107843, 0.994051,-0.015255, 0.000000,
                 0.000149, 0.015329, 0.999883, 0.000000,
                -0.000000, 0.195300, 0.000000, 1.000000;;
              }
              Frame Armature_Belt_003 {
                FrameTransformMatrix {
                   0.992754,-0.071919, 0.096261, 0.000000,
                   0.075793, 0.996429,-0.037211, 0.000000,
                  -0.093241, 0.044238, 0.994660, 0.000000,
                   0.000000, 0.124400,-0.000000, 1.000000;;
                }
              } // End of Armature_Belt_003
            } // End of Armature_Belt_002
          } // End of Armature_Belt_001
          Frame Armature_Chest {
            FrameTransformMatrix {
               0.997110,-0.034017,-0.067937, 0.000000,
              -0.069387,-0.043445,-0.996643, 0.000000,
               0.030951, 0.998477,-0.045680, 0.000000,
               0.000000, 0.000000,-0.074000, 1.000000;;
            }
            Frame Armature_Neck {
              FrameTransformMatrix {
                 0.999973, 0.005379, 0.005102, 0.000000,
                -0.006247, 0.981950, 0.189039, 0.000000,
                -0.003993,-0.189066, 0.981956, 0.000000,
                 0.000000, 0.172600,-0.000000, 1.000000;;
              }
              Frame Armature_Head {
                FrameTransformMatrix {
                   0.999965, 0.006635, 0.005055, 0.000000,
                  -0.007504, 0.980177, 0.197983, 0.000000,
                  -0.003641,-0.198014, 0.980192, 0.000000,
                   0.000000, 0.058100,-0.000000, 1.000000;;
                }
                Frame Armature_Bang_L {
                  FrameTransformMatrix {
                    -0.820339,-0.057161,-0.569014, 0.000000,
                     0.000004,-0.994993, 0.099947, 0.000000,
                    -0.571866, 0.081985, 0.816215, 0.000000,
                     0.046900, 0.160400, 0.097500, 1.000000;;
                  }
                } // End of Armature_Bang_L
                Frame Armature_Bang_R {
                  FrameTransformMatrix {
                    -0.820339, 0.057161, 0.569014, 0.000000,
                    -0.000004,-0.994993, 0.099947, 0.000000,
                     0.571866, 0.081985, 0.816215, 0.000000,
                    -0.046900, 0.160400, 0.097500, 1.000000;;
                  }
                } // End of Armature_Bang_R
                Frame Armature_HairSide_L {
                  FrameTransformMatrix {
                    -0.900010, 0.003827,-0.435849, 0.000000,
                    -0.069010,-0.988599, 0.133822, 0.000000,
                    -0.430371, 0.150518, 0.890010, 0.000000,
                     0.097000, 0.155100, 0.067600, 1.000000;;
                  }
                } // End of Armature_HairSide_L
                Frame Armature_HairSide_R {
                  FrameTransformMatrix {
                    -0.900010,-0.003827, 0.435849, 0.000000,
                     0.069010,-0.988599, 0.133822, 0.000000,
                     0.430371, 0.150518, 0.890010, 0.000000,
                    -0.097000, 0.155100, 0.067600, 1.000000;;
                  }
                } // End of Armature_HairSide_R
                Frame Armature_Left_Eye {
                  FrameTransformMatrix {
                     0.984273, 0.000965,-0.176650, 0.000000,
                     0.174547, 0.148653, 0.973363, 0.000000,
                     0.027199,-0.988889, 0.146147, 0.000000,
                     0.031400, 0.076700, 0.040900, 1.000000;;
                  }
                } // End of Armature_Left_Eye
                Frame Armature_Right_Eye {
                  FrameTransformMatrix {
                     0.984273,-0.000965, 0.176650, 0.000000,
                    -0.174547, 0.148653, 0.973363, 0.000000,
                    -0.027199,-0.988889, 0.146147, 0.000000,
                    -0.031400, 0.076700, 0.040900, 1.000000;;
                  }
                } // End of Armature_Right_Eye
                Frame Armature_Ring {
                  FrameTransformMatrix {
                     1.000000, 0.000000, 0.000000, 0.000000,
                    -0.000000, 0.994993,-0.099943, 0.000000,
                     0.000000, 0.099943, 0.994993, 0.000000,
                    -0.000000, 0.254900,-0.008400, 1.000000;;
                  }
                } // End of Armature_Ring
              } // End of Armature_Head
              Frame Armature_Hood {
                FrameTransformMatrix {
                   1.000000, 0.000000, 0.000000, 0.000000,
                   0.000000,-0.602876,-0.797835, 0.000000,
                  -0.000000, 0.797835,-0.602876, 0.000000,
                   0.000000, 0.042500,-0.040500, 1.000000;;
                }
              } // End of Armature_Hood
            } // End of Armature_Neck
            Frame Armature_Shoulder_L {
              FrameTransformMatrix {
                -0.026846,-0.992855,-0.116270, 0.000000,
                 0.953056,-0.060514, 0.296685, 0.000000,
                -0.301601,-0.102847, 0.947871, 0.000000,
                 0.000000, 0.172600,-0.000000, 1.000000;;
              }
              Frame Armature_UpperArm_L {
                FrameTransformMatrix {
                   0.431731,-0.802011,-0.412780, 0.000000,
                   0.893292, 0.443608, 0.072397, 0.000000,
                   0.125049,-0.399989, 0.907949, 0.000000,
                   0.000000, 0.071700, 0.000000, 1.000000;;
                }
                Frame Armature_LowerArm_L {
                  FrameTransformMatrix {
                     0.997499,-0.070681, 0.000814, 0.000000,
                     0.070629, 0.997084, 0.028879, 0.000000,
                    -0.002853,-0.028749, 0.999583, 0.000000,
                     0.000000, 0.204768, 0.000000, 1.000000;;
                  }
                  Frame Armature_Hand_L {
                    FrameTransformMatrix {
                       0.841156,-0.121486, 0.526969, 0.000000,
                       0.180948, 0.981501,-0.062559, 0.000000,
                      -0.509621, 0.147976, 0.847579, 0.000000,
                      -0.000000, 0.180900,-0.000000, 1.000000;;
                    }
                    Frame Armature_Index_Proximal_L {
                      FrameTransformMatrix {
                         0.992663,-0.118458, 0.024262, 0.000000,
                         0.111065, 0.972569, 0.204386, 0.000000,
                        -0.047807,-0.200192, 0.978589, 0.000000,
                        -0.001605, 0.072300, 0.029273, 1.000000;;
                      }
                      Frame Armature_Index_Intermediate_L {
                        FrameTransformMatrix {
                           0.954162,-0.299266, 0.003936, 0.000000,
                           0.299279, 0.953919,-0.021666, 0.000000,
                           0.002729, 0.021850, 0.999757, 0.000000,
                           0.000000, 0.020300,-0.000000, 1.000000;;
                        }
                        Frame Armature_Index_Distal_L {
                          FrameTransformMatrix {
                             0.857923,-0.513763, 0.003944, 0.000000,
                             0.513768, 0.857833,-0.012862, 0.000000,
                             0.003225, 0.013061, 0.999910, 0.000000,
                             0.000000, 0.019500,-0.000000, 1.000000;;
                          }
                        } // End of Armature_Index_Distal_L
                      } // End of Armature_Index_Intermediate_L
                    } // End of Armature_Index_Proximal_L
                    Frame Armature_Little_Proximal_L {
                      FrameTransformMatrix {
                         0.895464,-0.445120,-0.003514, 0.000000,
                         0.443066, 0.890515, 0.103322, 0.000000,
                        -0.042862,-0.094078, 0.994641, 0.000000,
                         0.000896, 0.068300,-0.019186, 1.000000;;
                      }
                      Frame Armature_Little_Intermediate_L {
                        FrameTransformMatrix {
                           0.954052,-0.299620, 0.003645, 0.000000,
                           0.299620, 0.953764,-0.023720, 0.000000,
                           0.003630, 0.023722, 0.999712, 0.000000,
                          -0.000000, 0.018400, 0.000000, 1.000000;;
                        }
                        Frame Armature_Little_Distal_L {
                          FrameTransformMatrix {
                             0.978424,-0.206599, 0.001843, 0.000000,
                             0.206606, 0.978411,-0.005104, 0.000000,
                            -0.000749, 0.005374, 0.999985, 0.000000,
                             0.000000, 0.018500,-0.000000, 1.000000;;
                          }
                        } // End of Armature_Little_Distal_L
                      } // End of Armature_Little_Intermediate_L
                    } // End of Armature_Little_Proximal_L
                    Frame Armature_Middle_Proximal_L {
                      FrameTransformMatrix {
                         0.965705,-0.259295, 0.013421, 0.000000,
                         0.254424, 0.955343, 0.150290, 0.000000,
                        -0.051791,-0.141721, 0.988551, 0.000000,
                        -0.001481, 0.074600, 0.013572, 1.000000;;
                      }
                      Frame Armature_Middle_Intermediate_L {
                        FrameTransformMatrix {
                           0.954007,-0.299765, 0.003346, 0.000000,
                           0.299765, 0.953764,-0.021808, 0.000000,
                           0.003346, 0.021808, 0.999757, 0.000000,
                           0.000000, 0.021800, 0.000000, 1.000000;;
                        }
                        Frame Armature_Middle_Distal_L {
                          FrameTransformMatrix {
                             0.929793,-0.368073, 0.002704, 0.000000,
                             0.368082, 0.929749,-0.009092, 0.000000,
                             0.000832, 0.009449, 0.999955, 0.000000,
                             0.000000, 0.019600, 0.000000, 1.000000;;
                          }
                        } // End of Armature_Middle_Distal_L
                      } // End of Armature_Middle_Intermediate_L
                    } // End of Armature_Middle_Proximal_L
                    Frame Armature_Ring_Proximal_L {
                      FrameTransformMatrix {
                         0.936766,-0.349890, 0.006794, 0.000000,
                         0.345748, 0.928331, 0.136603, 0.000000,
                        -0.054103,-0.125617, 0.990603, 0.000000,
                         0.000072, 0.073700,-0.003499, 1.000000;;
                      }
                      Frame Armature_Ring_Intermediate_L {
                        FrameTransformMatrix {
                           0.933905,-0.357483, 0.005159, 0.000000,
                           0.357483, 0.933503,-0.027890, 0.000000,
                           0.005155, 0.027891, 0.999598, 0.000000,
                          -0.000000, 0.022300, 0.000000, 1.000000;;
                        }
                        Frame Armature_Ring_Distal_L {
                          FrameTransformMatrix {
                             0.900873,-0.434067, 0.003764, 0.000000,
                             0.434082, 0.900810,-0.010723, 0.000000,
                             0.001264, 0.011294, 0.999935, 0.000000,
                            -0.000000, 0.017900, 0.000000, 1.000000;;
                          }
                        } // End of Armature_Ring_Distal_L
                      } // End of Armature_Ring_Intermediate_L
                    } // End of Armature_Ring_Proximal_L
                    Frame Armature_Thumb_Proximal_L {
                      FrameTransformMatrix {
                         0.915760,-0.400732,-0.028233, 0.000000,
                         0.343424, 0.744459, 0.572574, 0.000000,
                        -0.208430,-0.534036, 0.819367, 0.000000,
                         0.018096, 0.053600, 0.043983, 1.000000;;
                      }
                      Frame Armature_Thumb_Intermediate_L {
                        FrameTransformMatrix {
                           0.966251, 0.152752,-0.207427, 0.000000,
                          -0.236829, 0.843549,-0.482013, 0.000000,
                           0.101347, 0.514870, 0.851256, 0.000000,
                           0.000000, 0.013000,-0.000000, 1.000000;;
                        }
                        Frame Armature_Thumb_Distal_L {
                          FrameTransformMatrix {
                             0.999018, 0.025940,-0.035908, 0.000000,
                            -0.029561, 0.994108,-0.104282, 0.000000,
                             0.032992, 0.105241, 0.993899, 0.000000,
                             0.000000, 0.012200, 0.000000, 1.000000;;
                          }
                        } // End of Armature_Thumb_Distal_L
                      } // End of Armature_Thumb_Intermediate_L
                    } // End of Armature_Thumb_Proximal_L
                  } // End of Armature_Hand_L
                } // End of Armature_LowerArm_L
              } // End of Armature_UpperArm_L
            } // End of Armature_Shoulder_L
            Frame Armature_Shoulder_R {
              FrameTransformMatrix {
                -0.067469, 0.989505, 0.127782, 0.000000,
                -0.958857,-0.099704, 0.265803, 0.000000,
                 0.275754,-0.104591, 0.955521, 0.000000,
                 0.000000, 0.172600,-0.000000, 1.000000;;
              }
              Frame Armature_UpperArm_R {
                FrameTransformMatrix {
                   0.439072, 0.691856, 0.573193, 0.000000,
                  -0.860726, 0.506843, 0.047555, 0.000000,
                  -0.257618,-0.514242, 0.818039, 0.000000,
                   0.000000, 0.071700, 0.000000, 1.000000;;
                }
                Frame Armature_LowerArm_R {
                  FrameTransformMatrix {
                     0.998929,-0.046160, 0.003225, 0.000000,
                     0.045580, 0.993601, 0.103341, 0.000000,
                    -0.007974,-0.103084, 0.994641, 0.000000,
                    -0.000000, 0.225184, 0.000000, 1.000000;;
                  }
                  Frame Armature_Hand_R {
                    FrameTransformMatrix {
                       0.933810, 0.139094,-0.329622, 0.000000,
                      -0.192049, 0.972220,-0.133814, 0.000000,
                       0.301852, 0.188261, 0.934582, 0.000000,
                       0.000000, 0.180900,-0.000000, 1.000000;;
                    }
                    Frame Armature_Index_Proximal_R {
                      FrameTransformMatrix {
                         0.994888, 0.095660,-0.032373, 0.000000,
                        -0.086916, 0.974288, 0.207865, 0.000000,
                         0.051425,-0.203989, 0.977622, 0.000000,
                         0.003302, 0.072300, 0.029131, 1.000000;;
                      }
                      Frame Armature_Index_Intermediate_R {
                        FrameTransformMatrix {
                           0.954045, 0.299648,-0.002984, 0.000000,
                          -0.299657, 0.953922,-0.015426, 0.000000,
                          -0.001775, 0.015611, 0.999877, 0.000000,
                          -0.000000, 0.020300, 0.000000, 1.000000;;
                        }
                        Frame Armature_Index_Distal_R {
                          FrameTransformMatrix {
                             0.857872, 0.513844,-0.004465, 0.000000,
                            -0.513742, 0.857826, 0.014268, 0.000000,
                             0.011162,-0.009947, 0.999888, 0.000000,
                            -0.000000, 0.019500, 0.000000, 1.000000;;
                          }
                        } // End of Armature_Index_Distal_R
                      } // End of Armature_Index_Intermediate_R
                    } // End of Armature_Index_Proximal_R
                    Frame Armature_Little_Proximal_R {
                      FrameTransformMatrix {
                         0.904631, 0.426192,-0.001361, 0.000000,
                        -0.423155, 0.898555, 0.116353, 0.000000,
                         0.050811,-0.104680, 0.993207, 0.000000,
                        -0.002009, 0.068300,-0.019101, 1.000000;;
                      }
                      Frame Armature_Little_Intermediate_R {
                        FrameTransformMatrix {
                           0.953917, 0.300059,-0.002691, 0.000000,
                          -0.300059, 0.953761,-0.017472, 0.000000,
                          -0.002676, 0.017474, 0.999844, 0.000000,
                           0.000000, 0.018400, 0.000000, 1.000000;;
                        }
                        Frame Armature_Little_Distal_R {
                          FrameTransformMatrix {
                             0.978425, 0.206593,-0.002098, 0.000000,
                            -0.206578, 0.978413, 0.005806, 0.000000,
                             0.003252,-0.005248, 0.999981, 0.000000,
                            -0.000000, 0.018500,-0.000000, 1.000000;;
                          }
                        } // End of Armature_Little_Distal_R
                      } // End of Armature_Little_Intermediate_R
                    } // End of Armature_Little_Proximal_R
                    Frame Armature_Middle_Proximal_R {
                      FrameTransformMatrix {
                         0.971013, 0.238146,-0.020506, 0.000000,
                        -0.232061, 0.959799, 0.157904, 0.000000,
                         0.057286,-0.148568, 0.987241, 0.000000,
                         0.002266, 0.074600, 0.013463, 1.000000;;
                      }
                      Frame Armature_Middle_Intermediate_R {
                        FrameTransformMatrix {
                           0.953885, 0.300163,-0.002390, 0.000000,
                          -0.300163, 0.953761,-0.015557, 0.000000,
                          -0.002390, 0.015557, 0.999876, 0.000000,
                           0.000000, 0.021800, 0.000000, 1.000000;;
                        }
                        Frame Armature_Middle_Distal_R {
                          FrameTransformMatrix {
                             0.929786, 0.368088,-0.003078, 0.000000,
                            -0.368041, 0.929752, 0.010344, 0.000000,
                             0.006670,-0.008485, 0.999942, 0.000000,
                            -0.000000, 0.019600, 0.000000, 1.000000;;
                          }
                        } // End of Armature_Middle_Distal_R
                      } // End of Armature_Middle_Intermediate_R
                    } // End of Armature_Middle_Proximal_R
                    Frame Armature_Ring_Proximal_R {
                      FrameTransformMatrix {
                         0.944039, 0.329580,-0.012975, 0.000000,
                        -0.324236, 0.934511, 0.146838, 0.000000,
                         0.060520,-0.134414, 0.989076, 0.000000,
                        -0.000275, 0.073700,-0.003489, 1.000000;;
                      }
                      Frame Armature_Ring_Intermediate_R {
                        FrameTransformMatrix {
                           0.933721, 0.357981,-0.003785, 0.000000,
                          -0.357981, 0.933505,-0.020437, 0.000000,
                          -0.003783, 0.020437, 0.999784, 0.000000,
                          -0.000000, 0.022300,-0.000000, 1.000000;;
                        }
                        Frame Armature_Ring_Distal_R {
                          FrameTransformMatrix {
                             0.900842, 0.434127,-0.004286, 0.000000,
                            -0.434051, 0.900806, 0.012200, 0.000000,
                             0.009157,-0.009130, 0.999916, 0.000000,
                            -0.000000, 0.017900, 0.000000, 1.000000;;
                          }
                        } // End of Armature_Ring_Distal_R
                      } // End of Armature_Ring_Intermediate_R
                    } // End of Armature_Ring_Proximal_R
                    Frame Armature_Thumb_Proximal_R {
                      FrameTransformMatrix {
                         0.919879, 0.392103,-0.008821, 0.000000,
                        -0.301096, 0.720430, 0.624758, 0.000000,
                         0.251324,-0.572045, 0.780769, 0.000000,
                        -0.015511, 0.053600, 0.044959, 1.000000;;
                      }
                      Frame Armature_Thumb_Intermediate_R {
                        FrameTransformMatrix {
                           0.971205,-0.142451, 0.190967, 0.000000,
                           0.225966, 0.804780,-0.548880, 0.000000,
                          -0.075498, 0.576226, 0.813795, 0.000000,
                          -0.000000, 0.013000,-0.000000, 1.000000;;
                        }
                        Frame Armature_Thumb_Distal_R {
                          FrameTransformMatrix {
                             0.998868,-0.022731, 0.041787, 0.000000,
                             0.027014, 0.994108,-0.104973, 0.000000,
                            -0.039154, 0.105983, 0.993597, 0.000000,
                             0.000000, 0.012200,-0.000000, 1.000000;;
                          }
                        } // End of Armature_Thumb_Distal_R
                      } // End of Armature_Thumb_Intermediate_R
                    } // End of Armature_Thumb_Proximal_R
                  } // End of Armature_Hand_R
                } // End of Armature_LowerArm_R
              } // End of Armature_UpperArm_R
            } // End of Armature_Shoulder_R
          } // End of Armature_Chest
        } // End of Armature_Spine
        Frame Armature_UpperLeg_L {
          FrameTransformMatrix {
            -0.950598,-0.087863, 0.297731, 0.000000,
             0.165192,-0.955209, 0.245536, 0.000000,
             0.262821, 0.282589, 0.922538, 0.000000,
             0.055900,-0.012100, 0.001700, 1.000000;;
          }
          Frame Armature_LowerLeg_L {
            FrameTransformMatrix {
               0.996925, 0.077567, 0.011126, 0.000000,
              -0.073165, 0.972237,-0.222264, 0.000000,
              -0.028057, 0.220766, 0.974923, 0.000000,
              -0.000000, 0.279900,-0.000000, 1.000000;;
            }
            Frame Armature_Foot_L {
              FrameTransformMatrix {
                 1.000000,-0.000001,-0.000002, 0.000000,
                 0.000002, 0.752218, 0.658915, 0.000000,
                 0.000000,-0.658915, 0.752218, 0.000000,
                 0.000000, 0.284500,-0.000000, 1.000000;;
              }
            } // End of Armature_Foot_L
          } // End of Armature_LowerLeg_L
        } // End of Armature_UpperLeg_L
        Frame Armature_UpperLeg_R {
          FrameTransformMatrix {
            -0.980910,-0.086823,-0.174004, 0.000000,
             0.070455,-0.992675, 0.098141, 0.000000,
            -0.181250, 0.084010, 0.979847, 0.000000,
            -0.055900,-0.012100, 0.001700, 1.000000;;
          }
          Frame Armature_LowerLeg_R {
            FrameTransformMatrix {
               0.983764,-0.075425,-0.162846, 0.000000,
               0.054459, 0.990073,-0.129577, 0.000000,
               0.171002, 0.118605, 0.978106, 0.000000,
               0.000000, 0.279900, 0.000000, 1.000000;;
            }
            Frame Armature_Foot_R {
              FrameTransformMatrix {
                 1.000000, 0.000001, 0.000002, 0.000000,
                -0.000002, 0.752218, 0.658915, 0.000000,
                -0.000000,-0.658915, 0.752218, 0.000000,
                 0.000000, 0.284500,-0.000000, 1.000000;;
              }
            } // End of Armature_Foot_R
          } // End of Armature_LowerLeg_R
        } // End of Armature_UpperLeg_R
      } // End of Armature_Hips
    } // End of Armature_root
  } // End of Armature
} // End of Root
AnimationSet Global {
  Animation {
    {Armature}
    AnimationKey { // Rotation
      0;
      412;
      0;4;-0.997991,-0.031286, 0.029488,-0.046542;;,
      1;4;-0.997994,-0.031202, 0.029491,-0.046519;;,
      2;4;-0.997996,-0.031131, 0.029495,-0.046527;;,
      3;4;-0.997996,-0.031070, 0.029498,-0.046558;;,
      4;4;-0.997996,-0.031015, 0.029495,-0.046601;;,
      5;4;-0.997996,-0.030966, 0.029488,-0.046650;;,
      6;4;-0.997994,-0.030926, 0.029482,-0.046708;;,
      7;4;-0.997992,-0.030895, 0.029479,-0.046783;;,
      8;4;-0.997988,-0.030875, 0.029481,-0.046883;;,
      9;4;-0.997982,-0.030861, 0.029486,-0.047012;;,
      10;4;-0.997975,-0.030846, 0.029492,-0.047171;;,
      11;4;-0.997967,-0.030825, 0.029496,-0.047352;;,
      12;4;-0.997958,-0.030795, 0.029500,-0.047543;;,
      13;4;-0.997950,-0.030760, 0.029503,-0.047735;;,
      14;4;-0.997942,-0.030726, 0.029509,-0.047922;;,
      15;4;-0.997934,-0.030701, 0.029519,-0.048104;;,
      16;4;-0.997925,-0.030687, 0.029533,-0.048285;;,
      17;4;-0.997916,-0.030681, 0.029550,-0.048468;;,
      18;4;-0.997907,-0.030675, 0.029572,-0.048653;;,
      19;4;-0.997897,-0.030658, 0.029597,-0.048837;;,
      20;4;-0.997889,-0.030621, 0.029622,-0.049019;;,
      21;4;-0.997881,-0.030564, 0.029647,-0.049196;;,
      22;4;-0.997874,-0.030489, 0.029668,-0.049371;;,
      23;4;-0.997868,-0.030406, 0.029683,-0.049541;;,
      24;4;-0.997862,-0.030321, 0.029697,-0.049706;;,
      25;4;-0.997856,-0.030243, 0.029710,-0.049861;;,
      26;4;-0.997850,-0.030174, 0.029727,-0.050004;;,
      27;4;-0.997845,-0.030116, 0.029749,-0.050135;;,
      28;4;-0.997839,-0.030069, 0.029779,-0.050259;;,
      29;4;-0.997833,-0.030027, 0.029818,-0.050380;;,
      30;4;-0.997827,-0.029988, 0.029864,-0.050498;;,
      31;4;-0.997821,-0.029942, 0.029913,-0.050608;;,
      32;4;-0.997817,-0.029883, 0.029965,-0.050702;;,
      33;4;-0.997814,-0.029807, 0.030012,-0.050773;;,
      34;4;-0.997813,-0.029714, 0.030054,-0.050818;;,
      35;4;-0.997814,-0.029608, 0.030089,-0.050842;;,
      36;4;-0.997816,-0.029500, 0.030120,-0.050856;;,
      37;4;-0.997817,-0.029397, 0.030148,-0.050870;;,
      38;4;-0.997818,-0.029307, 0.030178,-0.050890;;,
      39;4;-0.997818,-0.029230, 0.030211,-0.050914;;,
      40;4;-0.997818,-0.029163, 0.030244,-0.050936;;,
      41;4;-0.997818,-0.029096, 0.030274,-0.050945;;,
      42;4;-0.997820,-0.029018, 0.030298,-0.050935;;,
      43;4;-0.997824,-0.028919, 0.030314,-0.050907;;,
      44;4;-0.997829,-0.028798, 0.030321,-0.050870;;,
      45;4;-0.997835,-0.028661, 0.030322,-0.050841;;,
      46;4;-0.997839,-0.028520, 0.030323,-0.050832;;,
      47;4;-0.997842,-0.028389, 0.030325,-0.050849;;,
      48;4;-0.997843,-0.028278, 0.030325,-0.050889;;,
      49;4;-0.997843,-0.028189, 0.030319,-0.050939;;,
      50;4;-0.997843,-0.028120, 0.030301,-0.050986;;,
      51;4;-0.997844,-0.028067, 0.030269,-0.051020;;,
      52;4;-0.997846,-0.028028, 0.030224,-0.051038;;,
      53;4;-0.997848,-0.028004, 0.030166,-0.051040;;,
      54;4;-0.997851,-0.027996, 0.030102,-0.051028;;,
      55;4;-0.997854,-0.028008, 0.030034,-0.051002;;,
      56;4;-0.997857,-0.028039, 0.029968,-0.050962;;,
      57;4;-0.997860,-0.028086, 0.029903,-0.050909;;,
      58;4;-0.997864,-0.028147, 0.029839,-0.050848;;,
      59;4;-0.997866,-0.028219, 0.029778,-0.050790;;,
      60;4;-0.997868,-0.028304, 0.029719,-0.050745;;,
      61;4;-0.997868,-0.028402, 0.029664,-0.050723;;,
      62;4;-0.997866,-0.028514, 0.029613,-0.050723;;,
      63;4;-0.997863,-0.028636, 0.029567,-0.050737;;,
      64;4;-0.997860,-0.028764, 0.029524,-0.050749;;,
      65;4;-0.997858,-0.028892, 0.029483,-0.050749;;,
      66;4;-0.997856,-0.029016, 0.029444,-0.050731;;,
      67;4;-0.997856,-0.029138, 0.029405,-0.050698;;,
      68;4;-0.997856,-0.029259, 0.029365,-0.050653;;,
      69;4;-0.997856,-0.029384, 0.029320,-0.050596;;,
      70;4;-0.997857,-0.029515, 0.029270,-0.050524;;,
      71;4;-0.997860,-0.029656, 0.029213,-0.050430;;,
      72;4;-0.997863,-0.029804, 0.029150,-0.050310;;,
      73;4;-0.997868,-0.029954, 0.029079,-0.050158;;,
      74;4;-0.997875,-0.030101, 0.028998,-0.049976;;,
      75;4;-0.997884,-0.030242, 0.028907,-0.049768;;,
      76;4;-0.997895,-0.030372, 0.028804,-0.049540;;,
      77;4;-0.997906,-0.030493, 0.028692,-0.049296;;,
      78;4;-0.997919,-0.030605, 0.028573,-0.049039;;,
      79;4;-0.997933,-0.030706, 0.028453,-0.048767;;,
      80;4;-0.997947,-0.030798, 0.028339,-0.048475;;,
      81;4;-0.997963,-0.030881, 0.028235,-0.048160;;,
      82;4;-0.997979,-0.030955, 0.028142,-0.047823;;,
      83;4;-0.997996,-0.031024, 0.028057,-0.047470;;,
      84;4;-0.998014,-0.031091, 0.027977,-0.047111;;,
      85;4;-0.998030,-0.031163, 0.027898,-0.046754;;,
      86;4;-0.998046,-0.031240, 0.027815,-0.046408;;,
      87;4;-0.998061,-0.031324, 0.027733,-0.046080;;,
      88;4;-0.998075,-0.031408, 0.027651,-0.045773;;,
      89;4;-0.998088,-0.031487, 0.027573,-0.045487;;,
      90;4;-0.998100,-0.031557, 0.027499,-0.045223;;,
      91;4;-0.998111,-0.031618, 0.027430,-0.044979;;,
      92;4;-0.998121,-0.031672, 0.027363,-0.044755;;,
      93;4;-0.998130,-0.031725, 0.027299,-0.044554;;,
      94;4;-0.998138,-0.031779, 0.027236,-0.044376;;,
      95;4;-0.998144,-0.031835, 0.027176,-0.044222;;,
      96;4;-0.998150,-0.031892, 0.027121,-0.044091;;,
      97;4;-0.998155,-0.031944, 0.027072,-0.043978;;,
      98;4;-0.998159,-0.031986, 0.027028,-0.043879;;,
      99;4;-0.998163,-0.032014, 0.026989,-0.043789;;,
      100;4;-0.998167,-0.032024, 0.026953,-0.043708;;,
      101;4;-0.998171,-0.032017, 0.026918,-0.043640;;,
      102;4;-0.998175,-0.032000, 0.026882,-0.043592;;,
      103;4;-0.998177,-0.031980, 0.026843,-0.043571;;,
      104;4;-0.998179,-0.031964, 0.026803,-0.043583;;,
      105;4;-0.998178,-0.031957, 0.026762,-0.043629;;,
      106;4;-0.998176,-0.031958, 0.026721,-0.043705;;,
      107;4;-0.998172,-0.031968, 0.026680,-0.043801;;,
      108;4;-0.998168,-0.031985, 0.026639,-0.043906;;,
      109;4;-0.998164,-0.032007, 0.026597,-0.044010;;,
      110;4;-0.998160,-0.032033, 0.026553,-0.044109;;,
      111;4;-0.998156,-0.032062, 0.026508,-0.044200;;,
      112;4;-0.998152,-0.032094, 0.026462,-0.044288;;,
      113;4;-0.998149,-0.032130, 0.026417,-0.044375;;,
      114;4;-0.998144,-0.032172, 0.026374,-0.044465;;,
      115;4;-0.998140,-0.032220, 0.026334,-0.044561;;,
      116;4;-0.998134,-0.032274, 0.026298,-0.044663;;,
      117;4;-0.998128,-0.032331, 0.026267,-0.044773;;,
      118;4;-0.998122,-0.032391, 0.026240,-0.044892;;,
      119;4;-0.998115,-0.032451, 0.026216,-0.045020;;,
      120;4;-0.998107,-0.032514, 0.026195,-0.045155;;,
      121;4;-0.998099,-0.032578, 0.026176,-0.045289;;,
      122;4;-0.998092,-0.032644, 0.026160,-0.045414;;,
      123;4;-0.998085,-0.032710, 0.026150,-0.045524;;,
      124;4;-0.998079,-0.032778, 0.026148,-0.045618;;,
      125;4;-0.998072,-0.032847, 0.026153,-0.045700;;,
      126;4;-0.998066,-0.032920, 0.026163,-0.045781;;,
      127;4;-0.998059,-0.032996, 0.026176,-0.045867;;,
      128;4;-0.998052,-0.033077, 0.026190,-0.045961;;,
      129;4;-0.998044,-0.033165, 0.026205,-0.046054;;,
      130;4;-0.998037,-0.033261, 0.026222,-0.046134;;,
      131;4;-0.998030,-0.033365, 0.026244,-0.046187;;,
      132;4;-0.998025,-0.033477, 0.026272,-0.046208;;,
      133;4;-0.998021,-0.033595, 0.026305,-0.046197;;,
      134;4;-0.998017,-0.033717, 0.026342,-0.046162;;,
      135;4;-0.998014,-0.033839, 0.026379,-0.046114;;,
      136;4;-0.998012,-0.033960, 0.026415,-0.046062;;,
      137;4;-0.998009,-0.034078, 0.026449,-0.046009;;,
      138;4;-0.998007,-0.034193, 0.026480,-0.045955;;,
      139;4;-0.998005,-0.034309, 0.026509,-0.045890;;,
      140;4;-0.998004,-0.034426, 0.026537,-0.045806;;,
      141;4;-0.998004,-0.034549, 0.026565,-0.045694;;,
      142;4;-0.998006,-0.034679, 0.026593,-0.045550;;,
      143;4;-0.998008,-0.034819, 0.026618,-0.045377;;,
      144;4;-0.998011,-0.034970, 0.026640,-0.045185;;,
      145;4;-0.998014,-0.035130, 0.026657,-0.044982;;,
      146;4;-0.998017,-0.035300, 0.026668,-0.044776;;,
      147;4;-0.998020,-0.035474, 0.026674,-0.044569;;,
      148;4;-0.998023,-0.035647, 0.026677,-0.044358;;,
      149;4;-0.998027,-0.035814, 0.026677,-0.044140;;,
      150;4;-0.998031,-0.035974, 0.026678,-0.043913;;,
      151;4;-0.998036,-0.036125, 0.026677,-0.043676;;,
      152;4;-0.998042,-0.036266, 0.026675,-0.043431;;,
      153;4;-0.998048,-0.036397, 0.026669,-0.043177;;,
      154;4;-0.998055,-0.036515, 0.026659,-0.042912;;,
      155;4;-0.998064,-0.036618, 0.026644,-0.042636;;,
      156;4;-0.998073,-0.036703, 0.026625,-0.042353;;,
      157;4;-0.998083,-0.036767, 0.026602,-0.042071;;,
      158;4;-0.998094,-0.036813, 0.026579,-0.041800;;,
      159;4;-0.998104,-0.036845, 0.026558,-0.041550;;,
      160;4;-0.998112,-0.036870, 0.026540,-0.041332;;,
      161;4;-0.998119,-0.036894, 0.026525,-0.041150;;,
      162;4;-0.998124,-0.036925, 0.026507,-0.041006;;,
      163;4;-0.998128,-0.036965, 0.026485,-0.040898;;,
      164;4;-0.998130,-0.037014, 0.026453,-0.040820;;,
      165;4;-0.998132,-0.037073, 0.026411,-0.040761;;,
      166;4;-0.998132,-0.037137, 0.026360,-0.040715;;,
      167;4;-0.998133,-0.037204, 0.026304,-0.040672;;,
      168;4;-0.998134,-0.037272, 0.026250,-0.040628;;,
      169;4;-0.998135,-0.037337, 0.026200,-0.040577;;,
      170;4;-0.998136,-0.037399, 0.026159,-0.040518;;,
      171;4;-0.998137,-0.037456, 0.026124,-0.040451;;,
      172;4;-0.998139,-0.037508, 0.026091,-0.040385;;,
      173;4;-0.998141,-0.037555, 0.026055,-0.040326;;,
      174;4;-0.998142,-0.037599, 0.026014,-0.040283;;,
      175;4;-0.998142,-0.037643, 0.025966,-0.040261;;,
      176;4;-0.998142,-0.037687, 0.025911,-0.040262;;,
      177;4;-0.998141,-0.037730, 0.025854,-0.040283;;,
      178;4;-0.998139,-0.037768, 0.025799,-0.040323;;,
      179;4;-0.998137,-0.037802, 0.025746,-0.040376;;,
      180;4;-0.998135,-0.037831, 0.025696,-0.040439;;,
      181;4;-0.998132,-0.037862, 0.025646,-0.040513;;,
      182;4;-0.998128,-0.037901, 0.025592,-0.040598;;,
      183;4;-0.998124,-0.037956, 0.025534,-0.040691;;,
      184;4;-0.998119,-0.038028, 0.025474,-0.040786;;,
      185;4;-0.998113,-0.038118, 0.025414,-0.040877;;,
      186;4;-0.998108,-0.038219, 0.025361,-0.040957;;,
      187;4;-0.998102,-0.038320, 0.025314,-0.041024;;,
      188;4;-0.998097,-0.038409, 0.025272,-0.041081;;,
      189;4;-0.998094,-0.038474, 0.025232,-0.041132;;,
      190;4;-0.998092,-0.038506, 0.025187,-0.041184;;,
      191;4;-0.998091,-0.038502, 0.025136,-0.041238;;,
      192;4;-0.998091,-0.038466, 0.025076,-0.041295;;,
      193;4;-0.998093,-0.038405, 0.025010,-0.041354;;,
      194;4;-0.998095,-0.038327, 0.024939,-0.041413;;,
      195;4;-0.998098,-0.038239, 0.024868,-0.041470;;,
      196;4;-0.998101,-0.038145, 0.024798,-0.041524;;,
      197;4;-0.998104,-0.038048, 0.024733,-0.041571;;,
      198;4;-0.998108,-0.037950, 0.024672,-0.041613;;,
      199;4;-0.998112,-0.037852, 0.024616,-0.041649;;,
      200;4;-0.998115,-0.037756, 0.024564,-0.041684;;,
      201;4;-0.998118,-0.037668, 0.024514,-0.041720;;,
      202;4;-0.998120,-0.037589, 0.024466,-0.041762;;,
      203;4;-0.998122,-0.037519, 0.024419,-0.041809;;,
      204;4;-0.998124,-0.037456, 0.024374,-0.041861;;,
      205;4;-0.998125,-0.037393, 0.024329,-0.041915;;,
      206;4;-0.998126,-0.037327, 0.024287,-0.041971;;,
      207;4;-0.998127,-0.037254, 0.024248,-0.042028;;,
      208;4;-0.998128,-0.037174, 0.024216,-0.042088;;,
      209;4;-0.998129,-0.037086, 0.024193,-0.042153;;,
      210;4;-0.998130,-0.036993, 0.024177,-0.042225;;,
      211;4;-0.998131,-0.036894, 0.024168,-0.042303;;,
      212;4;-0.998131,-0.036787, 0.024161,-0.042386;;,
      213;4;-0.998132,-0.036668, 0.024150,-0.042474;;,
      214;4;-0.998134,-0.036537, 0.024134,-0.042563;;,
      215;4;-0.998136,-0.036391, 0.024114,-0.042652;;,
      216;4;-0.998138,-0.036233, 0.024095,-0.042741;;,
      217;4;-0.998141,-0.036068, 0.024083,-0.042828;;,
      218;4;-0.998143,-0.035902, 0.024081,-0.042914;;,
      219;4;-0.998145,-0.035739, 0.024089,-0.042997;;,
      220;4;-0.998147,-0.035585, 0.024102,-0.043078;;,
      221;4;-0.998148,-0.035444, 0.024113,-0.043158;;,
      222;4;-0.998149,-0.035320, 0.024114,-0.043243;;,
      223;4;-0.998149,-0.035218, 0.024100,-0.043335;;,
      224;4;-0.998148,-0.035139, 0.024070,-0.043440;;,
      225;4;-0.998146,-0.035085, 0.024028,-0.043557;;,
      226;4;-0.998142,-0.035056, 0.023982,-0.043685;;,
      227;4;-0.998137,-0.035052, 0.023939,-0.043816;;,
      228;4;-0.998132,-0.035070, 0.023908,-0.043941;;,
      229;4;-0.998127,-0.035106, 0.023889,-0.044050;;,
      230;4;-0.998121,-0.035156, 0.023881,-0.044137;;,
      231;4;-0.998116,-0.035215, 0.023880,-0.044200;;,
      232;4;-0.998112,-0.035276, 0.023879,-0.044242;;,
      233;4;-0.998109,-0.035337, 0.023876,-0.044269;;,
      234;4;-0.998106,-0.035397, 0.023866,-0.044291;;,
      235;4;-0.998103,-0.035457, 0.023851,-0.044316;;,
      236;4;-0.998100,-0.035518, 0.023833,-0.044350;;,
      237;4;-0.998096,-0.035579, 0.023815,-0.044394;;,
      238;4;-0.998092,-0.035636, 0.023801,-0.044447;;,
      239;4;-0.998088,-0.035688, 0.023795,-0.044503;;,
      240;4;-0.998084,-0.035729, 0.023796,-0.044557;;,
      241;4;-0.998081,-0.035756, 0.023804,-0.044604;;,
      242;4;-0.998078,-0.035770, 0.023815,-0.044640;;,
      243;4;-0.998077,-0.035769, 0.023828,-0.044668;;,
      244;4;-0.998076,-0.035758, 0.023841,-0.044688;;,
      245;4;-0.998076,-0.035738, 0.023854,-0.044705;;,
      246;4;-0.998076,-0.035712, 0.023867,-0.044720;;,
      247;4;-0.998076,-0.035683, 0.023882,-0.044733;;,
      248;4;-0.998076,-0.035655, 0.023901,-0.044741;;,
      249;4;-0.998076,-0.035629, 0.023923,-0.044743;;,
      250;4;-0.998077,-0.035603, 0.023948,-0.044736;;,
      251;4;-0.998078,-0.035576, 0.023976,-0.044725;;,
      252;4;-0.998079,-0.035545, 0.024003,-0.044713;;,
