xof 0303txt 0032

template XSkinMeshHeader {
  <3cf169ce-ff7c-44ab-93c0-f78f62d172e2>
  WORD nMaxSkinWeightsPerVertex;
  WORD nMaxSkinWeightsPerFace;
  WORD nBones;
}

template SkinWeights {
  <6f0d123b-bad2-4167-a0d0-80224f25fabb>
  STRING transformNodeName;
  DWORD nWeights;
  array DWORD vertexIndices[nWeights];
  array float weights[nWeights];
  Matrix4x4 matrixOffset;
}

Frame Root {
  FrameTransformMatrix {
     1.000000, 0.000000, 0.000000, 0.000000,
     0.000000,-0.000000,-1.000000, 0.000000,
     0.000000, 1.000000,-0.000000, 0.000000,
     0.000000, 0.000000, 0.000000, 1.000000;;
  }
  Frame Armature {
    FrameTransformMatrix {
       9.987679,-0.488053,-0.089797, 0.000000,
       0.488457, 9.987969, 0.043348, 0.000000,
       0.087573,-0.047681, 9.999503, 0.000000,
      -0.214558, 0.062449,-0.100903, 1.000000;;
    }
    Frame Armature_root {
      FrameTransformMatrix {
         1.000000, 0.000000, 0.000000, 0.000000,
         0.000000,-0.000000, 1.000000, 0.000000,
         0.000000,-1.000000,-0.000000, 0.000000,
         0.000000, 0.000000, 0.000000, 1.000000;;
      }
      Frame Armature_Hips {
        FrameTransformMatrix {
           1.000000, 0.000000, 0.000000, 0.000000,
           0.000000, 0.990095, 0.140398, 0.000000,
           0.000000,-0.140398, 0.990095, 0.000000,
           0.000000, 0.672200, 0.000000, 1.000000;;
        }
        Frame Armature_Spine {
          FrameTransformMatrix {
             0.999595, 0.028245, 0.003363, 0.000000,
            -0.027635, 0.992356,-0.120277, 0.000000,
            -0.006735, 0.120135, 0.992735, 0.000000,
             0.000000, 0.097600, 0.000000, 1.000000;;
          }
          Frame Armature_Belt_001 {
            FrameTransformMatrix {
              -0.961509,-0.267288,-0.063767, 0.000000,
               0.261278,-0.961142, 0.089109, 0.000000,
              -0.085109, 0.069018, 0.993979, 0.000000,
               0.058100,-0.018400, 0.073000, 1.000000;;
            }
            Frame Armature_Belt_002 {
              FrameTransformMatrix {
                 0.994168,-0.107832, 0.001505, 0.000000,
                 0.107842, 0.994051,-0.015256, 0.000000,
                 0.000149, 0.015329, 0.999882, 0.000000,
                 0.000000, 0.195300, 0.000000, 1.000000;;
              }
              Frame Armature_Belt_003 {
                FrameTransformMatrix {
                   0.992754,-0.071919, 0.096261, 0.000000,
                   0.075793, 0.996429,-0.037212, 0.000000,
                  -0.093241, 0.044238, 0.994660, 0.000000,
                   0.000000, 0.124400,-0.000000, 1.000000;;
                }
              } // End of Armature_Belt_003
            } // End of Armature_Belt_002
          } // End of Armature_Belt_001
          Frame Armature_Chest {
            FrameTransformMatrix {
               0.998406, 0.054943, 0.012921, 0.000000,
              -0.052813, 0.990165,-0.129554, 0.000000,
              -0.019912, 0.128665, 0.991488, 0.000000,
               0.000000, 0.074000,-0.000000, 1.000000;;
            }
            Frame Armature_Neck {
              FrameTransformMatrix {
                 0.992864, 0.089148,-0.079204, 0.000000,
                -0.070056, 0.973528, 0.217567, 0.000000,
                 0.096503,-0.210466, 0.972827, 0.000000,
                 0.000000, 0.172600, 0.000000, 1.000000;;
              }
              Frame Armature_Head {
                FrameTransformMatrix {
                   0.993421, 0.064666,-0.094514, 0.000000,
                  -0.041471, 0.972437, 0.229447, 0.000000,
                   0.106746,-0.224018, 0.968721, 0.000000,
                   0.000000, 0.058100,-0.000000, 1.000000;;
                }
                Frame Armature_Bang_L {
                  FrameTransformMatrix {
                    -0.820339,-0.057161,-0.569014, 0.000000,
                     0.000004,-0.994993, 0.099947, 0.000000,
                    -0.571865, 0.081985, 0.816214, 0.000000,
                     0.046900, 0.160400, 0.097500, 1.000000;;
                  }
                } // End of Armature_Bang_L
                Frame Armature_Bang_R {
                  FrameTransformMatrix {
                    -0.820339, 0.057161, 0.569014, 0.000000,
                    -0.000004,-0.994993, 0.099947, 0.000000,
                     0.571865, 0.081985, 0.816214, 0.000000,
                    -0.046900, 0.160400, 0.097500, 1.000000;;
                  }
                } // End of Armature_Bang_R
                Frame Armature_HairSide_L {
                  FrameTransformMatrix {
                    -0.900011, 0.003828,-0.435848, 0.000000,
                    -0.069010,-0.988599, 0.133822, 0.000000,
                    -0.430370, 0.150517, 0.890009, 0.000000,
                     0.097000, 0.155100, 0.067600, 1.000000;;
                  }
                } // End of Armature_HairSide_L
                Frame Armature_HairSide_R {
                  FrameTransformMatrix {
                    -0.900011,-0.003828, 0.435848, 0.000000,
                     0.069010,-0.988599, 0.133822, 0.000000,
                     0.430370, 0.150517, 0.890009, 0.000000,
                    -0.097000, 0.155100, 0.067600, 1.000000;;
                  }
                } // End of Armature_HairSide_R
                Frame Armature_Left_Eye {
                  FrameTransformMatrix {
                     0.984273, 0.000964,-0.176650, 0.000000,
                     0.174547, 0.148653, 0.973363, 0.000000,
                     0.027199,-0.988889, 0.146147, 0.000000,
                     0.031400, 0.076700, 0.040900, 1.000000;;
                  }
                } // End of Armature_Left_Eye
                Frame Armature_Right_Eye {
                  FrameTransformMatrix {
                     0.984273,-0.000965, 0.176650, 0.000000,
                    -0.174547, 0.148653, 0.973363, 0.000000,
                    -0.027199,-0.988889, 0.146147, 0.000000,
                    -0.031400, 0.076700, 0.040900, 1.000000;;
                  }
                } // End of Armature_Right_Eye
                Frame Armature_Ring {
                  FrameTransformMatrix {
                     1.000000,-0.000000,-0.000000, 0.000000,
                    -0.000000, 0.994993,-0.099943, 0.000000,
                    -0.000000, 0.099943, 0.994993, 0.000000,
                     0.000000, 0.254900,-0.008400, 1.000000;;
                  }
                } // End of Armature_Ring
              } // End of Armature_Head
              Frame Armature_Hood {
                FrameTransformMatrix {
                   1.000000,-0.000000, 0.000000, 0.000000,
                  -0.000000,-0.602875,-0.797835, 0.000000,
                   0.000000, 0.797835,-0.602875, 0.000000,
                   0.000000, 0.042500,-0.040500, 1.000000;;
                }
              } // End of Armature_Hood
            } // End of Armature_Neck
            Frame Armature_Shoulder_L {
              FrameTransformMatrix {
                 0.066788,-0.993437,-0.092856, 0.000000,
                 0.987263, 0.052329, 0.150243, 0.000000,
                -0.144398,-0.101708, 0.984279, 0.000000,
                 0.000000, 0.172600, 0.000000, 1.000000;;
              }
              Frame Armature_UpperArm_L {
                FrameTransformMatrix {
                   0.394965,-0.818893,-0.416433, 0.000000,
                   0.866339, 0.482832,-0.127786, 0.000000,
                   0.305710,-0.310301, 0.900141, 0.000000,
                   0.000000, 0.071700, 0.000000, 1.000000;;
                }
                Frame Armature_LowerArm_L {
                  FrameTransformMatrix {
                     0.998456, 0.049718, 0.024773, 0.000000,
                    -0.049718, 0.600973, 0.797721, 0.000000,
                     0.024773,-0.797721, 0.602517, 0.000000,
                     0.000000, 0.195000,-0.000000, 1.000000;;
                  }
                  Frame Armature_Hand_L {
                    FrameTransformMatrix {
                       0.923491, 0.291618,-0.249247, 0.000000,
                      -0.333300, 0.931615,-0.144931, 0.000000,
                       0.189938, 0.216917, 0.957534, 0.000000,
                       0.000000, 0.180900, 0.000000, 1.000000;;
                    }
                    Frame Armature_Index_Proximal_L {
                      FrameTransformMatrix {
                         0.996140,-0.087126,-0.010667, 0.000000,
                         0.085542, 0.936334, 0.340532, 0.000000,
                        -0.019682,-0.340130, 0.940172, 0.000000,
                        -0.001000, 0.072300, 0.029300, 1.000000;;
                      }
                      Frame Armature_Index_Intermediate_L {
                        FrameTransformMatrix {
                           0.992047,-0.125862, 0.001194, 0.000000,
                           0.125868, 0.992005,-0.009112, 0.000000,
                          -0.000038, 0.009190, 0.999958, 0.000000,
                          -0.000000, 0.020300,-0.000000, 1.000000;;
                        }
                        Frame Armature_Index_Distal_L {
                          FrameTransformMatrix {
                             0.857831,-0.513932, 0.000177, 0.000000,
                             0.513932, 0.857831,-0.000171, 0.000000,
                            -0.000064, 0.000238, 1.000000, 0.000000,
                            -0.000000, 0.019500,-0.000000, 1.000000;;
                          }
                        } // End of Armature_Index_Distal_L
                      } // End of Armature_Index_Intermediate_L
                    } // End of Armature_Index_Proximal_L
                    Frame Armature_Little_Proximal_L {
                      FrameTransformMatrix {
                         0.893807,-0.445778,-0.048889, 0.000000,
                         0.424935, 0.876729,-0.225335, 0.000000,
                         0.143312, 0.180632, 0.973054, 0.000000,
                         0.000500, 0.068300,-0.019200, 1.000000;;
                      }
                      Frame Armature_Little_Intermediate_L {
                        FrameTransformMatrix {
                           1.000000,-0.000318, 0.000008, 0.000000,
                           0.000318, 1.000000,-0.000025, 0.000000,
                          -0.000008, 0.000025, 1.000000, 0.000000,
                           0.000000, 0.018400,-0.000000, 1.000000;;
                        }
                        Frame Armature_Little_Distal_L {
                          FrameTransformMatrix {
                             0.978411,-0.206667,-0.000007, 0.000000,
                             0.206667, 0.978411,-0.000000, 0.000000,
                             0.000007,-0.000001, 1.000000, 0.000000,
                            -0.000000, 0.018500, 0.000000, 1.000000;;
                          }
                        } // End of Armature_Little_Distal_L
                      } // End of Armature_Little_Intermediate_L
                    } // End of Armature_Little_Proximal_L
                    Frame Armature_Middle_Proximal_L {
                      FrameTransformMatrix {
                         0.992576,-0.120913,-0.013176, 0.000000,
                         0.121281, 0.975734, 0.182299, 0.000000,
                        -0.009186,-0.182544, 0.983155, 0.000000,
                        -0.001200, 0.074600, 0.013600, 1.000000;;
                      }
                      Frame Armature_Middle_Intermediate_L {
                        FrameTransformMatrix {
                           0.994006,-0.109322, 0.000436, 0.000000,
                           0.109322, 0.993975,-0.007953, 0.000000,
                           0.000436, 0.007953, 0.999968, 0.000000,
                          -0.000000, 0.021800,-0.000000, 1.000000;;
                        }
                        Frame Armature_Middle_Distal_L {
                          FrameTransformMatrix {
                             0.929749,-0.368194,-0.000000, 0.000000,
                             0.368194, 0.929749, 0.000000, 0.000000,
                             0.000000,-0.000000, 1.000000, 0.000000,
                             0.000000, 0.019600, 0.000000, 1.000000;;
                          }
                        } // End of Armature_Middle_Distal_L
                      } // End of Armature_Middle_Intermediate_L
                    } // End of Armature_Middle_Proximal_L
                    Frame Armature_Ring_Proximal_L {
                      FrameTransformMatrix {
                         0.989241,-0.145855,-0.011367, 0.000000,
                         0.146142, 0.988780, 0.030941, 0.000000,
                         0.006726,-0.032269, 0.999457, 0.000000,
                        -0.000000, 0.073700,-0.003500, 1.000000;;
                      }
                      Frame Armature_Ring_Intermediate_L {
                        FrameTransformMatrix {
                           0.994616,-0.103633, 0.000422, 0.000000,
                           0.103633, 0.994583,-0.008086, 0.000000,
                           0.000418, 0.008086, 0.999967, 0.000000,
                          -0.000000, 0.022300, 0.000000, 1.000000;;
                        }
                        Frame Armature_Ring_Distal_L {
                          FrameTransformMatrix {
                             0.900806,-0.434222, 0.000002, 0.000000,
                             0.434223, 0.900806,-0.000000, 0.000000,
                            -0.000002, 0.000001, 1.000000, 0.000000,
                             0.000000, 0.017900, 0.000000, 1.000000;;
                          }
                        } // End of Armature_Ring_Distal_L
                      } // End of Armature_Ring_Intermediate_L
                    } // End of Armature_Ring_Proximal_L
                    Frame Armature_Thumb_Proximal_L {
                      FrameTransformMatrix {
                         0.944197,-0.289046,-0.157938, 0.000000,
                         0.294379, 0.525421, 0.798294, 0.000000,
                        -0.147759,-0.800241, 0.581190, 0.000000,
                         0.019000, 0.053600, 0.043600, 1.000000;;
                      }
                      Frame Armature_Thumb_Intermediate_L {
                        FrameTransformMatrix {
                           0.999820,-0.007688, 0.017345, 0.000000,
                           0.011176, 0.977412,-0.211046, 0.000000,
                          -0.015331, 0.211202, 0.977322, 0.000000,
                           0.000000, 0.013000, 0.000000, 1.000000;;
                        }
                        Frame Armature_Thumb_Distal_L {
                          FrameTransformMatrix {
                             0.999826, 0.013697,-0.012629, 0.000000,
                            -0.014974, 0.994108,-0.107355, 0.000000,
                             0.011085, 0.107526, 0.994141, 0.000000,
                            -0.000000, 0.012200, 0.000000, 1.000000;;
                          }
                        } // End of Armature_Thumb_Distal_L
                      } // End of Armature_Thumb_Intermediate_L
                    } // End of Armature_Thumb_Proximal_L
                  } // End of Armature_Hand_L
                } // End of Armature_LowerArm_L
              } // End of Armature_UpperArm_L
            } // End of Armature_Shoulder_L
            Frame Armature_Shoulder_R {
              FrameTransformMatrix {
                 0.020575, 0.994392, 0.103737, 0.000000,
                -0.993052, 0.032351,-0.113139, 0.000000,
                -0.115860,-0.100688, 0.988149, 0.000000,
                 0.000000, 0.172600, 0.000000, 1.000000;;
              }
              Frame Armature_UpperArm_R {
                FrameTransformMatrix {
                   0.381648, 0.726220, 0.571795, 0.000000,
                  -0.798648, 0.570509,-0.191524, 0.000000,
                  -0.465303,-0.383568, 0.797728, 0.000000,
                   0.000000, 0.071700,-0.000000, 1.000000;;
                }
                Frame Armature_LowerArm_R {
                  FrameTransformMatrix {
                     0.998867,-0.043976,-0.018175, 0.000000,
                     0.043976, 0.707255, 0.705590, 0.000000,
                    -0.018175,-0.705590, 0.708387, 0.000000,
                    -0.000000, 0.195000, 0.000000, 1.000000;;
                  }
                  Frame Armature_Hand_R {
                    FrameTransformMatrix {
                       0.926385,-0.264820, 0.267736, 0.000000,
                       0.312260, 0.937583,-0.153072, 0.000000,
                      -0.210488, 0.225406, 0.951255, 0.000000,
                      -0.000000, 0.180900, 0.000000, 1.000000;;
                    }
                    Frame Armature_Index_Proximal_R {
                      FrameTransformMatrix {
                         0.995423,-0.094125,-0.016524, 0.000000,
                         0.095252, 0.991190, 0.092029, 0.000000,
                         0.007717,-0.093182, 0.995619, 0.000000,
                         0.001000, 0.072300, 0.029300, 1.000000;;
                      }
                      Frame Armature_Index_Intermediate_R {
                        FrameTransformMatrix {
                           1.000000, 0.000002,-0.000619, 0.000000,
                          -0.000002, 1.000000,-0.000000, 0.000000,
                           0.000618, 0.000000, 1.000000, 0.000000,
                          -0.000000, 0.020300, 0.000000, 1.000000;;
                        }
                        Frame Armature_Index_Distal_R {
                          FrameTransformMatrix {
                             0.857831, 0.513932,-0.000177, 0.000000,
                            -0.513932, 0.857831,-0.000171, 0.000000,
                             0.000064, 0.000238, 1.000000, 0.000000,
                             0.000000, 0.019500, 0.000000, 1.000000;;
                          }
                        } // End of Armature_Index_Distal_R
                      } // End of Armature_Index_Intermediate_R
                    } // End of Armature_Index_Proximal_R
                    Frame Armature_Little_Proximal_R {
                      FrameTransformMatrix {
                         0.981211,-0.189357,-0.036993, 0.000000,
                         0.190073, 0.981625, 0.016868, 0.000000,
                         0.033119,-0.023582, 0.999173, 0.000000,
                        -0.000500, 0.068300,-0.019200, 1.000000;;
                      }
                      Frame Armature_Little_Intermediate_R {
                        FrameTransformMatrix {
                           1.000000, 0.000057,-0.000008, 0.000000,
                          -0.000057, 1.000000,-0.000003, 0.000000,
                           0.000008, 0.000003, 1.000000, 0.000000,
                          -0.000000, 0.018400,-0.000000, 1.000000;;
                        }
                        Frame Armature_Little_Distal_R {
                          FrameTransformMatrix {
                             0.978411, 0.206667, 0.000007, 0.000000,
                            -0.206667, 0.978411,-0.000000, 0.000000,
                            -0.000007,-0.000001, 1.000000, 0.000000,
                             0.000000, 0.018500, 0.000000, 1.000000;;
                          }
                        } // End of Armature_Little_Distal_R
                      } // End of Armature_Little_Intermediate_R
                    } // End of Armature_Little_Proximal_R
                    Frame Armature_Middle_Proximal_R {
                      FrameTransformMatrix {
                         0.992105,-0.123621,-0.021110, 0.000000,
                         0.124787, 0.989851, 0.068000, 0.000000,
                         0.012489,-0.070097, 0.997462, 0.000000,
                         0.001200, 0.074600, 0.013600, 1.000000;;
                      }
                      Frame Armature_Middle_Intermediate_R {
                        FrameTransformMatrix {
                           1.000000, 0.000001, 0.000000, 0.000000,
                          -0.000001, 1.000000,-0.000000, 0.000000,
                          -0.000000, 0.000000, 1.000000, 0.000000,
                          -0.000000, 0.021800,-0.000000, 1.000000;;
                        }
                        Frame Armature_Middle_Distal_R {
                          FrameTransformMatrix {
                             0.929749, 0.368194, 0.000000, 0.000000,
                            -0.368194, 0.929749,-0.000000, 0.000000,
                            -0.000000,-0.000000, 1.000000, 0.000000,
                            -0.000000, 0.019600,-0.000000, 1.000000;;
                          }
                        } // End of Armature_Middle_Distal_R
                      } // End of Armature_Middle_Intermediate_R
                    } // End of Armature_Middle_Proximal_R
                    Frame Armature_Ring_Proximal_R {
                      FrameTransformMatrix {
                         0.986513,-0.160580,-0.031708, 0.000000,
                         0.161782, 0.986019, 0.039908, 0.000000,
                         0.024857,-0.044499, 0.998700, 0.000000,
                         0.000000, 0.073700,-0.003500, 1.000000;;
                      }
                      Frame Armature_Ring_Intermediate_R {
                        FrameTransformMatrix {
                           1.000000, 0.000450,-0.000002, 0.000000,
                          -0.000450, 1.000000,-0.000025, 0.000000,
                           0.000002, 0.000025, 1.000000, 0.000000,
                           0.000000, 0.022300, 0.000000, 1.000000;;
                        }
                        Frame Armature_Ring_Distal_R {
                          FrameTransformMatrix {
                             0.900806, 0.434222,-0.000004, 0.000000,
                            -0.434222, 0.900806, 0.000000, 0.000000,
                             0.000003, 0.000002, 1.000000, 0.000000,
                             0.000000, 0.017900,-0.000000, 1.000000;;
                          }
                        } // End of Armature_Ring_Distal_R
                      } // End of Armature_Ring_Intermediate_R
                    } // End of Armature_Ring_Proximal_R
                    Frame Armature_Thumb_Proximal_R {
                      FrameTransformMatrix {
                         0.940124, 0.319370, 0.119035, 0.000000,
                        -0.305572, 0.635091, 0.709426, 0.000000,
                         0.150972,-0.703322, 0.694655, 0.000000,
                        -0.019000, 0.053600, 0.043600, 1.000000;;
                      }
                      Frame Armature_Thumb_Intermediate_R {
                        FrameTransformMatrix {
                           0.999879,-0.010506,-0.011432, 0.000000,
                           0.007420, 0.970107,-0.242565, 0.000000,
                           0.013639, 0.242451, 0.970068, 0.000000,
                           0.000000, 0.013000, 0.000000, 1.000000;;
                        }
                        Frame Armature_Thumb_Distal_R {
                          FrameTransformMatrix {
                             0.999826,-0.013697, 0.012629, 0.000000,
                             0.014974, 0.994108,-0.107355, 0.000000,
                            -0.011085, 0.107526, 0.994141, 0.000000,
                             0.000000, 0.012200, 0.000000, 1.000000;;
                          }
                        } // End of Armature_Thumb_Distal_R
                      } // End of Armature_Thumb_Intermediate_R
                    } // End of Armature_Thumb_Proximal_R
                  } // End of Armature_Hand_R
                } // End of Armature_LowerArm_R
              } // End of Armature_UpperArm_R
            } // End of Armature_Shoulder_R
          } // End of Armature_Chest
        } // End of Armature_Spine
        Frame Armature_UpperLeg_L {
          FrameTransformMatrix {
            -0.998805,-0.043124, 0.023014, 0.000000,
             0.047794,-0.960322, 0.274768, 0.000000,
             0.010252, 0.275540, 0.961240, 0.000000,
             0.055900,-0.012100, 0.001700, 1.000000;;
          }
          Frame Armature_LowerLeg_L {
            FrameTransformMatrix {
               0.984375, 0.011981, 0.175679, 0.000000,
               0.053417, 0.930352,-0.362756, 0.000000,
              -0.167789, 0.366472, 0.915175, 0.000000,
              -0.000000, 0.279900,-0.000000, 1.000000;;
            }
            Frame Armature_Foot_L {
              FrameTransformMatrix {
                 1.000000,-0.000001,-0.000002, 0.000000,
                 0.000002, 0.752218, 0.658915, 0.000000,
                 0.000000,-0.658915, 0.752218, 0.000000,
                 0.000000, 0.284500, 0.000000, 1.000000;;
              }
            } // End of Armature_Foot_L
          } // End of Armature_LowerLeg_L
        } // End of Armature_UpperLeg_L
        Frame Armature_UpperLeg_R {
          FrameTransformMatrix {
            -0.989258,-0.029815,-0.143107, 0.000000,
            -0.015108,-0.952884, 0.302959, 0.000000,
            -0.145396, 0.301867, 0.942202, 0.000000,
            -0.055900,-0.012100, 0.001700, 1.000000;;
          }
          Frame Armature_LowerLeg_R {
            FrameTransformMatrix {
               0.994926,-0.043576, 0.090680, 0.000000,
               0.072615, 0.934873,-0.347476, 0.000000,
              -0.069633, 0.352298, 0.933294, 0.000000,
               0.000000, 0.279900, 0.000000, 1.000000;;
            }
            Frame Armature_Foot_R {
              FrameTransformMatrix {
                 1.000000, 0.000001, 0.000002, 0.000000,
                -0.000002, 0.752218, 0.658915, 0.000000,
                -0.000000,-0.658915, 0.752218, 0.000000,
                -0.000000, 0.284500, 0.000000, 1.000000;;
              }
            } // End of Armature_Foot_R
          } // End of Armature_LowerLeg_R
        } // End of Armature_UpperLeg_R
      } // End of Armature_Hips
    } // End of Armature_root
  } // End of Armature
} // End of Root
AnimationSet Global {
  Animation {
    {Armature}
    AnimationKey { // Rotation
      0;
      380;
      0;4;-0.993159, 0.013400,-0.003694, 0.115936;;,
      1;4;-0.993289, 0.013693,-0.003544, 0.114789;;,
      2;4;-0.993439, 0.013927,-0.003374, 0.113457;;,
      3;4;-0.993603, 0.014104,-0.003193, 0.112000;;,
      4;4;-0.993782, 0.014201,-0.003004, 0.110397;;,
      5;4;-0.993975, 0.014191,-0.002809, 0.108646;;,
      6;4;-0.994182, 0.014058,-0.002614, 0.106765;;,
      7;4;-0.994396, 0.013790,-0.002424, 0.104788;;,
      8;4;-0.994614, 0.013393,-0.002239, 0.102756;;,
      9;4;-0.994830, 0.012884,-0.002057, 0.100712;;,
      10;4;-0.995040, 0.012294,-0.001869, 0.098691;;,
      11;4;-0.995242, 0.011666,-0.001666, 0.096716;;,
      12;4;-0.995434, 0.011051,-0.001436, 0.094799;;,
      13;4;-0.995616, 0.010499,-0.001166, 0.092939;;,
      14;4;-0.995788, 0.010056,-0.000846, 0.091124;;,
      15;4;-0.995954, 0.009757,-0.000469, 0.089335;;,
      16;4;-0.996113, 0.009621,-0.000035, 0.087554;;,
      17;4;-0.996269, 0.009651, 0.000452, 0.085759;;,
      18;4;-0.996422, 0.009830, 0.000981, 0.083934;;,
      19;4;-0.996574, 0.010130, 0.001539, 0.082066;;,
      20;4;-0.996725, 0.010511, 0.002105, 0.080149;;,
      21;4;-0.996876, 0.010929, 0.002660, 0.078181;;,
      22;4;-0.997026, 0.011340, 0.003181, 0.076162;;,
      23;4;-0.997176, 0.011710, 0.003651, 0.074095;;,
      24;4;-0.997325, 0.012011, 0.004056, 0.071981;;,
      25;4;-0.997475, 0.012230, 0.004388, 0.069822;;,
      26;4;-0.997624, 0.012367, 0.004649, 0.067617;;,
      27;4;-0.997772, 0.012431, 0.004846, 0.065365;;,
      28;4;-0.997919, 0.012439, 0.004996, 0.063066;;,
      29;4;-0.998064, 0.012414, 0.005117, 0.060724;;,
      30;4;-0.998206, 0.012375, 0.005232, 0.058347;;,
      31;4;-0.998343, 0.012339, 0.005360, 0.055947;;,
      32;4;-0.998475, 0.012316, 0.005515, 0.053538;;,
      33;4;-0.998599, 0.012308, 0.005705, 0.051138;;,
      34;4;-0.998717, 0.012309, 0.005928, 0.048762;;,
      35;4;-0.998827, 0.012305, 0.006175, 0.046421;;,
      36;4;-0.998930, 0.012283, 0.006432, 0.044120;;,
      37;4;-0.999026, 0.012224, 0.006681, 0.041860;;,
      38;4;-0.999117, 0.012115, 0.006902, 0.039636;;,
      39;4;-0.999202, 0.011946, 0.007079, 0.037441;;,
      40;4;-0.999283, 0.011712, 0.007201, 0.035270;;,
      41;4;-0.999360, 0.011413, 0.007262, 0.033119;;,
      42;4;-0.999432, 0.011054, 0.007264, 0.030992;;,
      43;4;-0.999500, 0.010640, 0.007212, 0.028897;;,
      44;4;-0.999562, 0.010181, 0.007117, 0.026848;;,
      45;4;-0.999620, 0.009685, 0.006991, 0.024858;;,
      46;4;-0.999671, 0.009161, 0.006848, 0.022938;;,
      47;4;-0.999718, 0.008617, 0.006698, 0.021094;;,
      48;4;-0.999759, 0.008063, 0.006551, 0.019327;;,
      49;4;-0.999796, 0.007511, 0.006412, 0.017628;;,
      50;4;-0.999828, 0.006972, 0.006284, 0.015986;;,
      51;4;-0.999857, 0.006459, 0.006168, 0.014386;;,
      52;4;-0.999882, 0.005983, 0.006062, 0.012815;;,
      53;4;-0.999903, 0.005553, 0.005963, 0.011261;;,
      54;4;-0.999922, 0.005174, 0.005868, 0.009723;;,
      55;4;-0.999938, 0.004843, 0.005773, 0.008199;;,
      56;4;-0.999951, 0.004555, 0.005678, 0.006696;;,
      57;4;-0.999962, 0.004294, 0.005582, 0.005219;;,
      58;4;-0.999970, 0.004044, 0.005484, 0.003775;;,
      59;4;-0.999976, 0.003785, 0.005384, 0.002365;;,
      60;4;-0.999979, 0.003500, 0.005284, 0.000983;;,
      61;4;-0.999981, 0.003176, 0.005184,-0.000377;;,
      62;4;-0.999982, 0.002805, 0.005085,-0.001728;;,
      63;4;-0.999980, 0.002385, 0.004988,-0.003083;;,
      64;4;-0.999976, 0.001922, 0.004892,-0.004449;;,
      65;4;-0.999970, 0.001425, 0.004798,-0.005831;;,
      66;4;-0.999962, 0.000909, 0.004709,-0.007226;;,
      67;4;-0.999952, 0.000386, 0.004628,-0.008624;;,
      68;4;-0.999940,-0.000131, 0.004558,-0.010010;;,
      69;4;-0.999925,-0.000631, 0.004504,-0.011365;;,
      70;4;-0.999909,-0.001107, 0.004472,-0.012668;;,
      71;4;-0.999892,-0.001552, 0.004468,-0.013903;;,
      72;4;-0.999875,-0.001961, 0.004496,-0.015053;;,
      73;4;-0.999857,-0.002329, 0.004561,-0.016110;;,
      74;4;-0.999840,-0.002648, 0.004661,-0.017067;;,
      75;4;-0.999824,-0.002909, 0.004796,-0.017924;;,
      76;4;-0.999808,-0.003104, 0.004961,-0.018686;;,
      77;4;-0.999794,-0.003223, 0.005149,-0.019360;;,
      78;4;-0.999781,-0.003262, 0.005350,-0.019953;;,
      79;4;-0.999770,-0.003219, 0.005553,-0.020479;;,
      80;4;-0.999759,-0.003097, 0.005746,-0.020948;;,
      81;4;-0.999750,-0.002909, 0.005918,-0.021372;;,
      82;4;-0.999741,-0.002668, 0.006056,-0.021762;;,
      83;4;-0.999733,-0.002395, 0.006151,-0.022129;;,
      84;4;-0.999726,-0.002108, 0.006194,-0.022481;;,
      85;4;-0.999719,-0.001826, 0.006181,-0.022823;;,
      86;4;-0.999712,-0.001561, 0.006109,-0.023158;;,
      87;4;-0.999705,-0.001319, 0.005982,-0.023486;;,
      88;4;-0.999699,-0.001099, 0.005807,-0.023803;;,
      89;4;-0.999693,-0.000895, 0.005594,-0.024103;;,
      90;4;-0.999688,-0.000697, 0.005360,-0.024378;;,
      91;4;-0.999684,-0.000491, 0.005121,-0.024619;;,
      92;4;-0.999680,-0.000267, 0.004894,-0.024816;;,
      93;4;-0.999677,-0.000015, 0.004697,-0.024962;;,
      94;4;-0.999676, 0.000272, 0.004541,-0.025049;;,
      95;4;-0.999676, 0.000596, 0.004433,-0.025070;;,
      96;4;-0.999677, 0.000957, 0.004375,-0.025022;;,
      97;4;-0.999680, 0.001357, 0.004361,-0.024899;;,
      98;4;-0.999684, 0.001796, 0.004385,-0.024699;;,
      99;4;-0.999689, 0.002276, 0.004436,-0.024420;;,
      100;4;-0.999696, 0.002802, 0.004501,-0.024063;;,
      101;4;-0.999705, 0.003377, 0.004570,-0.023630;;,
      102;4;-0.999714, 0.004006, 0.004637,-0.023125;;,
      103;4;-0.999724, 0.004690, 0.004699,-0.022556;;,
      104;4;-0.999733, 0.005428, 0.004754,-0.021930;;,
      105;4;-0.999743, 0.006216, 0.004807,-0.021256;;,
      106;4;-0.999752, 0.007043, 0.004861,-0.020543;;,
      107;4;-0.999761, 0.007900, 0.004921,-0.019798;;,
      108;4;-0.999768, 0.008773, 0.004990,-0.019031;;,
      109;4;-0.999774, 0.009650, 0.005069,-0.018251;;,
      110;4;-0.999779, 0.010524, 0.005156,-0.017471;;,
      111;4;-0.999782, 0.011385, 0.005247,-0.016704;;,
      112;4;-0.999784, 0.012230, 0.005335,-0.015957;;,
      113;4;-0.999784, 0.013052, 0.005410,-0.015227;;,
      114;4;-0.999784, 0.013846, 0.005461,-0.014490;;,
      115;4;-0.999784, 0.014603, 0.005477,-0.013701;;,
      116;4;-0.999786, 0.015309, 0.005445,-0.012796;;,
      117;4;-0.999790, 0.015948, 0.005354,-0.011698;;,
      118;4;-0.999797, 0.016501, 0.005195,-0.010336;;,
      119;4;-0.999806, 0.016951, 0.004964,-0.008661;;,
      120;4;-0.999818, 0.017286, 0.004660,-0.006659;;,
      121;4;-0.999828, 0.017499, 0.004289,-0.004352;;,
      122;4;-0.999836, 0.017598, 0.003864,-0.001792;;,
      123;4;-0.999839, 0.017600, 0.003400, 0.000954;;,
      124;4;-0.999835, 0.017529, 0.002915, 0.003822;;,
      125;4;-0.999822, 0.017418, 0.002429, 0.006765;;,
      126;4;-0.999801, 0.017299, 0.001958, 0.009759;;,
      127;4;-0.999769, 0.017200, 0.001520, 0.012797;;,
      128;4;-0.999726, 0.017149, 0.001125, 0.015889;;,
      129;4;-0.999671, 0.017165, 0.000783, 0.019045;;,
      130;4;-0.999603, 0.017267, 0.000501, 0.022275;;,
      131;4;-0.999520, 0.017476, 0.000283, 0.025579;;,
      132;4;-0.999422, 0.017811, 0.000132, 0.028954;;,
      133;4;-0.999308, 0.018290, 0.000048, 0.032392;;,
      134;4;-0.999177, 0.018924, 0.000027, 0.035883;;,
      135;4;-0.999028, 0.019708, 0.000062, 0.039420;;,
      136;4;-0.998862, 0.020622, 0.000142, 0.042997;;,
      137;4;-0.998679, 0.021624, 0.000251, 0.046610;;,
      138;4;-0.998479, 0.022663, 0.000370, 0.050258;;,
      139;4;-0.998263, 0.023680, 0.000477, 0.053937;;,
      140;4;-0.998033, 0.024624, 0.000553, 0.057643;;,
      141;4;-0.997790, 0.025460, 0.000578, 0.061372;;,
      142;4;-0.997534, 0.026172, 0.000543, 0.065120;;,
      143;4;-0.997266, 0.026762, 0.000441, 0.068882;;,
      144;4;-0.996985, 0.027252, 0.000275, 0.072654;;,
      145;4;-0.996691, 0.027670, 0.000057, 0.076431;;,
      146;4;-0.996383, 0.028049,-0.000196, 0.080210;;,
      147;4;-0.996061, 0.028418,-0.000466, 0.083988;;,
      148;4;-0.995725, 0.028800,-0.000733, 0.087762;;,
      149;4;-0.995374, 0.029207,-0.000979, 0.091528;;,
      150;4;-0.995008, 0.029646,-0.001194, 0.095282;;,
      151;4;-0.994629, 0.030111,-0.001371, 0.099021;;,
      152;4;-0.994236, 0.030596,-0.001514, 0.102741;;,
      153;4;-0.993832, 0.031088,-0.001629, 0.106436;;,
      154;4;-0.993417, 0.031576,-0.001729, 0.110105;;,
      155;4;-0.992991, 0.032052,-0.001826, 0.113743;;,
      156;4;-0.992557, 0.032508,-0.001935, 0.117348;;,
      157;4;-0.992114, 0.032946,-0.002068, 0.120915;;,
      158;4;-0.991664, 0.033365,-0.002233, 0.124437;;,
      159;4;-0.991208, 0.033771,-0.002430, 0.127910;;,
      160;4;-0.990747, 0.034164,-0.002655, 0.131327;;,
      161;4;-0.990283, 0.034542,-0.002900, 0.134681;;,
      162;4;-0.989816, 0.034898,-0.003153, 0.137971;;,
      163;4;-0.989349, 0.035216,-0.003401, 0.141199;;,
      164;4;-0.988881, 0.035478,-0.003633, 0.144372;;,
      165;4;-0.988411, 0.035660,-0.003843, 0.147501;;,
      166;4;-0.987940, 0.035741,-0.004032, 0.150601;;,
      167;4;-0.987466, 0.035707,-0.004203, 0.153685;;,
      168;4;-0.986986, 0.035549,-0.004367, 0.156765;;,
      169;4;-0.986500, 0.035266,-0.004533, 0.159852;;,
      170;4;-0.986007, 0.034866,-0.004710, 0.162947;;,
      171;4;-0.985506, 0.034366,-0.004906, 0.166049;;,
      172;4;-0.984997, 0.033784,-0.005120, 0.169156;;,
      173;4;-0.984479, 0.033143,-0.005354, 0.172263;;,
      174;4;-0.983952, 0.032465,-0.005601, 0.175367;;,
      175;4;-0.983416, 0.031771,-0.005858, 0.178466;;,
      176;4;-0.982870, 0.031079,-0.006119, 0.181556;;,
      177;4;-0.982316, 0.030402,-0.006378, 0.184638;;,
      178;4;-0.981751, 0.029750,-0.006634, 0.187710;;,
      179;4;-0.981178, 0.029128,-0.006883, 0.190772;;,
      180;4;-0.980596, 0.028537,-0.007122, 0.193822;;,
      181;4;-0.980005, 0.027976,-0.007351, 0.196859;;,
      182;4;-0.979407, 0.027444,-0.007565, 0.199880;;,
      183;4;-0.978801, 0.026940,-0.007765, 0.202884;;,
      184;4;-0.978190, 0.026464,-0.007950, 0.205868;;,
      185;4;-0.977572, 0.026020,-0.008118, 0.208831;;,
      186;4;-0.976948, 0.025611,-0.008271, 0.211772;;,
      187;4;-0.976320, 0.025242,-0.008412, 0.214688;;,
      188;4;-0.975687, 0.024918,-0.008541, 0.217579;;,
      189;4;-0.975051, 0.024642,-0.008665, 0.220441;;,
      190;4;-0.974411, 0.024413,-0.008787, 0.223272;;,
      191;4;-0.973769, 0.024232,-0.008914, 0.226070;;,
      192;4;-0.973125, 0.024093,-0.009050, 0.228835;;,
      193;4;-0.972480, 0.023992,-0.009200, 0.231565;;,
      194;4;-0.971835, 0.023924,-0.009369, 0.234259;;,
      195;4;-0.971189, 0.023883,-0.009559, 0.236918;;,
      196;4;-0.970544, 0.023867,-0.009772, 0.239539;;,
      197;4;-0.969901, 0.023874,-0.010007, 0.242119;;,
      198;4;-0.969261, 0.023905,-0.010263, 0.244655;;,
      199;4;-0.968626, 0.023962,-0.010534, 0.247139;;,
      200;4;-0.967998, 0.024047,-0.010812, 0.249567;;,
      201;4;-0.967377, 0.024161,-0.011086, 0.251941;;,
      202;4;-0.966764, 0.024303,-0.011344, 0.254262;;,
      203;4;-0.966154, 0.024470,-0.011571, 0.256540;;,
      204;4;-0.965548, 0.024661,-0.011752, 0.258788;;,
      205;4;-0.964943, 0.024876,-0.011876, 0.261009;;,
      206;4;-0.964341, 0.025118,-0.011931, 0.263198;;,
      207;4;-0.963749, 0.025399,-0.011918, 0.265333;;,
      208;4;-0.963175, 0.025731,-0.011838, 0.267378;;,
      209;4;-0.962634, 0.026131,-0.011699, 0.269288;;,
      210;4;-0.962137, 0.026610,-0.011513, 0.271020;;,
      211;4;-0.961691, 0.027178,-0.011291, 0.272550;;,
      212;4;-0.961299, 0.027836,-0.011046, 0.273876;;,
      213;4;-0.960951, 0.028583,-0.010788, 0.275026;;,
      214;4;-0.960637, 0.029416,-0.010526, 0.276045;;,
      215;4;-0.960339, 0.030333,-0.010265, 0.276991;;,
      216;4;-0.960042, 0.031337,-0.010011, 0.277914;;,
      217;4;-0.959736, 0.032433,-0.009769, 0.278855;;,
      218;4;-0.959413, 0.033625,-0.009543, 0.279830;;,
      219;4;-0.959073, 0.034914,-0.009337, 0.280841;;,
      220;4;-0.958719, 0.036292,-0.009154, 0.281882;;,
      221;4;-0.958354, 0.037738,-0.008996, 0.282937;;,
      222;4;-0.957982, 0.039222,-0.008863, 0.283997;;,
      223;4;-0.957606, 0.040702,-0.008751, 0.285056;;,
      224;4;-0.957230, 0.042132,-0.008658, 0.286112;;,
      225;4;-0.956857, 0.043465,-0.008578, 0.287163;;,
      226;4;-0.956487, 0.044655,-0.008506, 0.288211;;,
      227;4;-0.956125, 0.045670,-0.008437, 0.289253;;,
      228;4;-0.955774, 0.046487,-0.008368, 0.290285;;,
      229;4;-0.955435, 0.047097,-0.008296, 0.291303;;,
      230;4;-0.955110, 0.047505,-0.008221, 0.292302;;,
      231;4;-0.954800, 0.047731,-0.008147, 0.293279;;,
      232;4;-0.954504, 0.047801,-0.008079, 0.294232;;,
      233;4;-0.954220, 0.047750,-0.008021, 0.295160;;,
      234;4;-0.953948, 0.047613,-0.007981, 0.296063;;,
      235;4;-0.953683, 0.047427,-0.007965, 0.296943;;,
      236;4;-0.953427, 0.047224,-0.007978, 0.297797;;,
      237;4;-0.953177, 0.047029,-0.008025, 0.298625;;,
      238;4;-0.952934, 0.046863,-0.008105, 0.299426;;,
      239;4;-0.952697, 0.046738,-0.008218, 0.300195;;,
      240;4;-0.952467, 0.046662,-0.008358, 0.300932;;,
      241;4;-0.952244, 0.046634,-0.008518, 0.301635;;,
      242;4;-0.952029, 0.046652,-0.008688, 0.302308;;,
      243;4;-0.951820, 0.046709,-0.008857, 0.302950;;,
      244;4;-0.951617, 0.046796,-0.009012, 0.303568;;,
      245;4;-0.951419, 0.046903,-0.009145, 0.304167;;,
      246;4;-0.951225, 0.047023,-0.009247, 0.304754;;,
      247;4;-0.951032, 0.047143,-0.009314, 0.305335;;,
      248;4;-0.950840, 0.047255,-0.009347, 0.305913;;,
      249;4;-0.950649, 0.047349,-0.009346, 0.306492;;,
      250;4;-0.950459, 0.047417,-0.009320, 0.307069;;,
      251;4;-0.950274, 0.047454,-0.009277, 0.307639;;,
      252;4;-0.950096, 0.047456,-0.009226, 0.308188;;,
