xof 0303txt 0032

template XSkinMeshHeader {
  <3cf169ce-ff7c-44ab-93c0-f78f62d172e2>
  WORD nMaxSkinWeightsPerVertex;
  WORD nMaxSkinWeightsPerFace;
  WORD nBones;
}

template SkinWeights {
  <6f0d123b-bad2-4167-a0d0-80224f25fabb>
  STRING transformNodeName;
  DWORD nWeights;
  array DWORD vertexIndices[nWeights];
  array float weights[nWeights];
  Matrix4x4 matrixOffset;
}

Frame Root {
  FrameTransformMatrix {
     1.000000, 0.000000, 0.000000, 0.000000,
     0.000000,-0.000000,-1.000000, 0.000000,
     0.000000, 1.000000,-0.000000, 0.000000,
     0.000000, 0.000000, 0.000000, 1.000000;;
  }
  Frame Armature {
    FrameTransformMatrix {
       9.988370,-0.349005,-0.332653, 0.000000,
       0.428685, 9.586200, 2.814427, 0.000000,
       0.220663,-2.825415, 9.590013, 0.000000,
      -0.235233, 1.916133,-0.448707, 1.000000;;
    }
    Frame Armature_root {
      FrameTransformMatrix {
         1.000000, 0.000000, 0.000000, 0.000000,
         0.000000,-0.000000, 1.000000, 0.000000,
         0.000000,-1.000000,-0.000000, 0.000000,
         0.000000, 0.000000, 0.000000, 1.000000;;
      }
      Frame Armature_Hips {
        FrameTransformMatrix {
           1.000000, 0.000000, 0.000000, 0.000000,
           0.000000, 0.990095, 0.140398, 0.000000,
           0.000000,-0.140398, 0.990095, 0.000000,
           0.000000, 0.672200, 0.000000, 1.000000;;
        }
        Frame Armature_Spine {
          FrameTransformMatrix {
             0.998034, 0.046028, 0.042533, 0.000000,
            -0.043658, 0.997528,-0.055053, 0.000000,
            -0.044962, 0.053088, 0.997577, 0.000000,
             0.000000, 0.097600, 0.000000, 1.000000;;
          }
          Frame Armature_Belt_001 {
            FrameTransformMatrix {
              -0.961509,-0.267288,-0.063767, 0.000000,
               0.261278,-0.961142, 0.089109, 0.000000,
              -0.085109, 0.069017, 0.993979, 0.000000,
               0.058100,-0.018400, 0.073000, 1.000000;;
            }
            Frame Armature_Belt_002 {
              FrameTransformMatrix {
                 0.994168,-0.107832, 0.001504, 0.000000,
                 0.107842, 0.994051,-0.015256, 0.000000,
                 0.000149, 0.015329, 0.999882, 0.000000,
                 0.000000, 0.195300, 0.000000, 1.000000;;
              }
              Frame Armature_Belt_003 {
                FrameTransformMatrix {
                   0.992754,-0.071919, 0.096261, 0.000000,
                   0.075793, 0.996429,-0.037212, 0.000000,
                  -0.093241, 0.044238, 0.994660, 0.000000,
                  -0.000000, 0.124400, 0.000000, 1.000000;;
                }
              } // End of Armature_Belt_003
            } // End of Armature_Belt_002
          } // End of Armature_Belt_001
          Frame Armature_Chest {
            FrameTransformMatrix {
               0.992468, 0.073659, 0.097889, 0.000000,
              -0.073967, 0.997261,-0.000485, 0.000000,
              -0.097657,-0.006759, 0.995197, 0.000000,
              -0.000000, 0.074000,-0.000000, 1.000000;;
            }
            Frame Armature_Neck {
              FrameTransformMatrix {
                 0.998025, 0.062818, 0.000385, 0.000000,
                -0.062815, 0.998015,-0.004516, 0.000000,
                -0.000668, 0.004483, 0.999990, 0.000000,
                 0.000000, 0.172600, 0.000000, 1.000000;;
              }
              Frame Armature_Head {
                FrameTransformMatrix {
                   0.997945, 0.063683,-0.007123, 0.000000,
                  -0.063650, 0.997961, 0.004774, 0.000000,
                   0.007413,-0.004311, 0.999963, 0.000000,
                   0.000000, 0.058100,-0.000000, 1.000000;;
                }
                Frame Armature_Bang_L {
                  FrameTransformMatrix {
                    -0.820339,-0.057161,-0.569014, 0.000000,
                     0.000004,-0.994993, 0.099947, 0.000000,
                    -0.571865, 0.081985, 0.816214, 0.000000,
                     0.046900, 0.160400, 0.097500, 1.000000;;
                  }
                } // End of Armature_Bang_L
                Frame Armature_Bang_R {
                  FrameTransformMatrix {
                    -0.820339, 0.057161, 0.569014, 0.000000,
                    -0.000004,-0.994993, 0.099947, 0.000000,
                     0.571865, 0.081985, 0.816214, 0.000000,
                    -0.046900, 0.160400, 0.097500, 1.000000;;
                  }
                } // End of Armature_Bang_R
                Frame Armature_HairSide_L {
                  FrameTransformMatrix {
                    -0.900011, 0.003828,-0.435848, 0.000000,
                    -0.069010,-0.988599, 0.133822, 0.000000,
                    -0.430370, 0.150517, 0.890009, 0.000000,
                     0.097000, 0.155100, 0.067600, 1.000000;;
                  }
                } // End of Armature_HairSide_L
                Frame Armature_HairSide_R {
                  FrameTransformMatrix {
                    -0.900011,-0.003828, 0.435848, 0.000000,
                     0.069010,-0.988599, 0.133822, 0.000000,
                     0.430370, 0.150517, 0.890009, 0.000000,
                    -0.097000, 0.155100, 0.067600, 1.000000;;
                  }
                } // End of Armature_HairSide_R
                Frame Armature_Left_Eye {
                  FrameTransformMatrix {
                     0.984273, 0.000964,-0.176650, 0.000000,
                     0.174547, 0.148653, 0.973363, 0.000000,
                     0.027198,-0.988889, 0.146147, 0.000000,
                     0.031400, 0.076700, 0.040900, 1.000000;;
                  }
                } // End of Armature_Left_Eye
                Frame Armature_Right_Eye {
                  FrameTransformMatrix {
                     0.984273,-0.000965, 0.176650, 0.000000,
                    -0.174547, 0.148653, 0.973363, 0.000000,
                    -0.027199,-0.988889, 0.146147, 0.000000,
                    -0.031400, 0.076700, 0.040900, 1.000000;;
                  }
                } // End of Armature_Right_Eye
                Frame Armature_Ring {
                  FrameTransformMatrix {
                     1.000000,-0.000000, 0.000000, 0.000000,
                     0.000000, 0.994993,-0.099943, 0.000000,
                    -0.000000, 0.099943, 0.994993, 0.000000,
                     0.000000, 0.254900,-0.008400, 1.000000;;
                  }
                } // End of Armature_Ring
              } // End of Armature_Head
              Frame Armature_Hood {
                FrameTransformMatrix {
                   1.000000,-0.000000, 0.000000, 0.000000,
                   0.000000,-0.602875,-0.797835, 0.000000,
                   0.000000, 0.797835,-0.602875, 0.000000,
                   0.000000, 0.042500,-0.040500, 1.000000;;
                }
              } // End of Armature_Hood
            } // End of Armature_Neck
            Frame Armature_Shoulder_L {
              FrameTransformMatrix {
                 0.022397,-0.995092,-0.096382, 0.000000,
                 0.968878,-0.002168, 0.247529, 0.000000,
                -0.246523,-0.098927, 0.964075, 0.000000,
                 0.000000, 0.172600, 0.000000, 1.000000;;
              }
              Frame Armature_UpperArm_L {
                FrameTransformMatrix {
                   0.591043,-0.779599,-0.207110, 0.000000,
                   0.803746, 0.590910, 0.069409, 0.000000,
                   0.068272,-0.207487, 0.975852, 0.000000,
                  -0.000000, 0.071700, 0.000000, 1.000000;;
                }
                Frame Armature_LowerArm_L {
                  FrameTransformMatrix {
                     0.995225, 0.060476, 0.076620, 0.000000,
                    -0.060476,-0.234122, 0.970324, 0.000000,
                     0.076620,-0.970324,-0.229347, 0.000000,
                     0.000000, 0.195000, 0.000000, 1.000000;;
                  }
                  Frame Armature_Hand_L {
                    FrameTransformMatrix {
                       0.998133,-0.045323, 0.040938, 0.000000,
                       0.042711, 0.997126, 0.062568, 0.000000,
                      -0.043656,-0.060703, 0.997201, 0.000000,
                       0.000000, 0.180900, 0.000000, 1.000000;;
                    }
                    Frame Armature_Index_Proximal_L {
                      FrameTransformMatrix {
                         0.646779,-0.750253,-0.137104, 0.000000,
                         0.761765, 0.626688, 0.164247, 0.000000,
                        -0.037306,-0.210672, 0.976845, 0.000000,
                        -0.001000, 0.072300, 0.029300, 1.000000;;
                      }
                      Frame Armature_Index_Intermediate_L {
                        FrameTransformMatrix {
                           0.752705,-0.658097, 0.018521, 0.000000,
                           0.658127, 0.751398,-0.047644, 0.000000,
                           0.017438, 0.048051, 0.998693, 0.000000,
                           0.000000, 0.020300,-0.000000, 1.000000;;
                        }
                        Frame Armature_Index_Distal_L {
                          FrameTransformMatrix {
                             0.857831,-0.513932, 0.000177, 0.000000,
                             0.513932, 0.857831,-0.000171, 0.000000,
                            -0.000064, 0.000238, 1.000000, 0.000000,
                            -0.000000, 0.019500,-0.000000, 1.000000;;
                          }
                        } // End of Armature_Index_Distal_L
                      } // End of Armature_Index_Intermediate_L
                    } // End of Armature_Index_Proximal_L
                    Frame Armature_Little_Proximal_L {
                      FrameTransformMatrix {
                         0.472833,-0.880764, 0.026152, 0.000000,
                         0.866266, 0.459208,-0.196751, 0.000000,
                         0.161282, 0.115685, 0.980104, 0.000000,
                         0.000500, 0.068300,-0.019200, 1.000000;;
                      }
                      Frame Armature_Little_Intermediate_L {
                        FrameTransformMatrix {
                           0.586070,-0.809597, 0.032776, 0.000000,
                           0.809598, 0.583476,-0.064091, 0.000000,
                           0.032764, 0.064097, 0.997406, 0.000000,
                           0.000000, 0.018400, 0.000000, 1.000000;;
                        }
                        Frame Armature_Little_Distal_L {
                          FrameTransformMatrix {
                             0.978411,-0.206667,-0.000007, 0.000000,
                             0.206667, 0.978411,-0.000000, 0.000000,
                             0.000007,-0.000001, 1.000000, 0.000000,
                             0.000000, 0.018500, 0.000000, 1.000000;;
                          }
                        } // End of Armature_Little_Distal_L
                      } // End of Armature_Little_Intermediate_L
                    } // End of Armature_Little_Proximal_L
                    Frame Armature_Middle_Proximal_L {
                      FrameTransformMatrix {
                         0.590534,-0.803069,-0.079681, 0.000000,
                         0.806831, 0.589610, 0.037189, 0.000000,
                         0.017116,-0.086250, 0.996126, 0.000000,
                        -0.001200, 0.074600, 0.013600, 1.000000;;
                      }
                      Frame Armature_Middle_Intermediate_L {
                        FrameTransformMatrix {
                           0.699764,-0.714040, 0.021842, 0.000000,
                           0.714040, 0.698175,-0.051946, 0.000000,
                           0.021842, 0.051946, 0.998411, 0.000000,
                          -0.000000, 0.021800, 0.000000, 1.000000;;
                        }
                        Frame Armature_Middle_Distal_L {
                          FrameTransformMatrix {
                             0.929749,-0.368194,-0.000000, 0.000000,
                             0.368194, 0.929749,-0.000000, 0.000000,
                             0.000000,-0.000000, 1.000000, 0.000000,
                             0.000000, 0.019600,-0.000000, 1.000000;;
                          }
                        } // End of Armature_Middle_Distal_L
                      } // End of Armature_Middle_Intermediate_L
                    } // End of Armature_Middle_Proximal_L
                    Frame Armature_Ring_Proximal_L {
                      FrameTransformMatrix {
                         0.524821,-0.847800,-0.076153, 0.000000,
                         0.847107, 0.528971,-0.050990, 0.000000,
                         0.083512,-0.037749, 0.995791, 0.000000,
                        -0.000000, 0.073700,-0.003500, 1.000000;;
                      }
                      Frame Armature_Ring_Intermediate_L {
                        FrameTransformMatrix {
                           0.631790,-0.774607, 0.028730, 0.000000,
                           0.774607, 0.629549,-0.060436, 0.000000,
                           0.028727, 0.060438, 0.997758, 0.000000,
                           0.000000, 0.022300,-0.000000, 1.000000;;
                        }
                        Frame Armature_Ring_Distal_L {
                          FrameTransformMatrix {
                             0.900806,-0.434222, 0.000002, 0.000000,
                             0.434222, 0.900806,-0.000000, 0.000000,
                            -0.000002, 0.000001, 1.000000, 0.000000,
                             0.000000, 0.017900, 0.000000, 1.000000;;
                          }
                        } // End of Armature_Ring_Distal_L
                      } // End of Armature_Ring_Intermediate_L
                    } // End of Armature_Ring_Proximal_L
                    Frame Armature_Thumb_Proximal_L {
                      FrameTransformMatrix {
                         0.929062,-0.321081,-0.183714, 0.000000,
                         0.364694, 0.711774, 0.600313, 0.000000,
                        -0.061986,-0.624727, 0.778379, 0.000000,
                         0.019000, 0.053600, 0.043600, 1.000000;;
                      }
                      Frame Armature_Thumb_Intermediate_L {
                        FrameTransformMatrix {
                           0.999552, 0.014634,-0.026086, 0.000000,
                          -0.023674, 0.920103,-0.390959, 0.000000,
                           0.018280, 0.391402, 0.920038, 0.000000,
                          -0.000000, 0.013000,-0.000000, 1.000000;;
                        }
                        Frame Armature_Thumb_Distal_L {
                          FrameTransformMatrix {
                             0.999826, 0.013696,-0.012629, 0.000000,
                            -0.014974, 0.994108,-0.107355, 0.000000,
                             0.011085, 0.107526, 0.994141, 0.000000,
                            -0.000000, 0.012200, 0.000000, 1.000000;;
                          }
                        } // End of Armature_Thumb_Distal_L
                      } // End of Armature_Thumb_Intermediate_L
                    } // End of Armature_Thumb_Proximal_L
                  } // End of Armature_Hand_L
                } // End of Armature_LowerArm_L
              } // End of Armature_UpperArm_L
            } // End of Armature_Shoulder_L
            Frame Armature_Shoulder_R {
              FrameTransformMatrix {
                 0.154282, 0.984411, 0.084454, 0.000000,
                -0.985215, 0.146835, 0.088271, 0.000000,
                 0.074494,-0.096824, 0.992510, 0.000000,
                 0.000000, 0.172600, 0.000000, 1.000000;;
              }
              Frame Armature_UpperArm_R {
                FrameTransformMatrix {
                   0.233792, 0.834753, 0.498527, 0.000000,
                  -0.887990, 0.392149,-0.240192, 0.000000,
                  -0.395998,-0.386533, 0.832933, 0.000000,
                   0.000000, 0.071700,-0.000000, 1.000000;;
                }
                Frame Armature_LowerArm_R {
                  FrameTransformMatrix {
                     0.996879,-0.061031,-0.050078, 0.000000,
                     0.061031, 0.193396, 0.979221, 0.000000,
                    -0.050078,-0.979221, 0.196517, 0.000000,
                     0.000000, 0.195000, 0.000000, 1.000000;;
                  }
                  Frame Armature_Hand_R {
                    FrameTransformMatrix {
                       0.897459,-0.191295,-0.397460, 0.000000,
                       0.144054, 0.978770,-0.145803, 0.000000,
                       0.416913, 0.073597, 0.905962, 0.000000,
                      -0.000000, 0.180900,-0.000000, 1.000000;;
                    }
                    Frame Armature_Index_Proximal_R {
                      FrameTransformMatrix {
                         0.237840, 0.962544, 0.130162, 0.000000,
                        -0.971195, 0.233652, 0.046777, 0.000000,
                         0.014612,-0.137538, 0.990389, 0.000000,
                         0.001000, 0.072300, 0.029300, 1.000000;;
                      }
                      Frame Armature_Index_Intermediate_R {
                        FrameTransformMatrix {
                           0.540638, 0.840906,-0.024264, 0.000000,
                          -0.840932, 0.539406,-0.043287, 0.000000,
                          -0.023312, 0.043808, 0.998768, 0.000000,
                          -0.000000, 0.020300,-0.000000, 1.000000;;
                        }
                        Frame Armature_Index_Distal_R {
                          FrameTransformMatrix {
                             0.857831, 0.513932,-0.000177, 0.000000,
                            -0.513932, 0.857831,-0.000171, 0.000000,
                             0.000064, 0.000238, 1.000000, 0.000000,
                             0.000000, 0.019500,-0.000000, 1.000000;;
                          }
                        } // End of Armature_Index_Distal_R
                      } // End of Armature_Index_Intermediate_R
                    } // End of Armature_Index_Proximal_R
                    Frame Armature_Little_Proximal_R {
                      FrameTransformMatrix {
                         0.336977, 0.941506,-0.003490, 0.000000,
                        -0.912987, 0.325860,-0.245498, 0.000000,
                        -0.230001, 0.085913, 0.969391, 0.000000,
                        -0.000500, 0.068300,-0.019200, 1.000000;;
                      }
                      Frame Armature_Little_Intermediate_R {
                        FrameTransformMatrix {
                           0.479243, 0.877158,-0.030330, 0.000000,
                          -0.877158, 0.477477,-0.051075, 0.000000,
                          -0.030319, 0.051081, 0.998234, 0.000000,
                           0.000000, 0.018400, 0.000000, 1.000000;;
                        }
                        Frame Armature_Little_Distal_R {
                          FrameTransformMatrix {
                             0.978411, 0.206667, 0.000007, 0.000000,
                            -0.206667, 0.978411,-0.000000, 0.000000,
                            -0.000007,-0.000001, 1.000000, 0.000000,
                            -0.000000, 0.018500,-0.000000, 1.000000;;
                          }
                        } // End of Armature_Little_Distal_R
                      } // End of Armature_Little_Intermediate_R
                    } // End of Armature_Little_Proximal_R
                    Frame Armature_Middle_Proximal_R {
                      FrameTransformMatrix {
                         0.208075, 0.973502, 0.094857, 0.000000,
                        -0.975746, 0.213336,-0.049064, 0.000000,
                        -0.068000,-0.082348, 0.994281, 0.000000,
                         0.001200, 0.074600, 0.013600, 1.000000;;
                      }
                      Frame Armature_Middle_Intermediate_R {
                        FrameTransformMatrix {
                           0.610536, 0.791731,-0.020186, 0.000000,
                          -0.791731, 0.609489,-0.041035, 0.000000,
                          -0.020186, 0.041036, 0.998954, 0.000000,
                           0.000000, 0.021800, 0.000000, 1.000000;;
                        }
                        Frame Armature_Middle_Distal_R {
                          FrameTransformMatrix {
                             0.929749, 0.368194, 0.000000, 0.000000,
                            -0.368194, 0.929749, 0.000000, 0.000000,
                            -0.000000,-0.000000, 1.000000, 0.000000,
                             0.000000, 0.019600, 0.000000, 1.000000;;
                          }
                        } // End of Armature_Middle_Distal_R
                      } // End of Armature_Middle_Intermediate_R
                    } // End of Armature_Middle_Proximal_R
                    Frame Armature_Ring_Proximal_R {
                      FrameTransformMatrix {
                         0.195284, 0.976653, 0.089519, 0.000000,
                        -0.974495, 0.203519,-0.094551, 0.000000,
                        -0.110562,-0.068772, 0.991487, 0.000000,
                         0.000000, 0.073700,-0.003500, 1.000000;;
                      }
                      Frame Armature_Ring_Intermediate_R {
                        FrameTransformMatrix {
                           0.492753, 0.869687,-0.028960, 0.000000,
                          -0.869687, 0.491099,-0.049649, 0.000000,
                          -0.028957, 0.049651, 0.998347, 0.000000,
                           0.000000, 0.022300,-0.000000, 1.000000;;
                        }
                        Frame Armature_Ring_Distal_R {
                          FrameTransformMatrix {
                             0.900806, 0.434222,-0.000004, 0.000000,
                            -0.434222, 0.900806, 0.000000, 0.000000,
                             0.000003, 0.000002, 1.000000, 0.000000,
                            -0.000000, 0.017900, 0.000000, 1.000000;;
                          }
                        } // End of Armature_Ring_Distal_R
                      } // End of Armature_Ring_Intermediate_R
                    } // End of Armature_Ring_Proximal_R
                    Frame Armature_Thumb_Proximal_R {
                      FrameTransformMatrix {
                         0.897366, 0.355624, 0.261279, 0.000000,
                        -0.440200, 0.679851, 0.586538, 0.000000,
                         0.030956,-0.641354, 0.766620, 0.000000,
                        -0.019000, 0.053600, 0.043600, 1.000000;;
                      }
                      Frame Armature_Thumb_Intermediate_R {
                        FrameTransformMatrix {
                           0.998969,-0.027175, 0.036355, 0.000000,
                           0.040835, 0.887773,-0.458468, 0.000000,
                          -0.019816, 0.459480, 0.887967, 0.000000,
                           0.000000, 0.013000, 0.000000, 1.000000;;
                        }
                        Frame Armature_Thumb_Distal_R {
                          FrameTransformMatrix {
                             0.999826,-0.013697, 0.012629, 0.000000,
                             0.014974, 0.994108,-0.107355, 0.000000,
                            -0.011085, 0.107526, 0.994141, 0.000000,
                            -0.000000, 0.012200,-0.000000, 1.000000;;
                          }
                        } // End of Armature_Thumb_Distal_R
                      } // End of Armature_Thumb_Intermediate_R
                    } // End of Armature_Thumb_Proximal_R
                  } // End of Armature_Hand_R
                } // End of Armature_LowerArm_R
              } // End of Armature_UpperArm_R
            } // End of Armature_Shoulder_R
          } // End of Armature_Chest
        } // End of Armature_Spine
        Frame Armature_UpperLeg_L {
          FrameTransformMatrix {
            -0.993944,-0.017387, 0.108505, 0.000000,
             0.038820,-0.979295, 0.198681, 0.000000,
             0.102804, 0.201691, 0.974044, 0.000000,
             0.055900,-0.012100, 0.001700, 1.000000;;
          }
          Frame Armature_LowerLeg_L {
            FrameTransformMatrix {
               0.999068,-0.017963,-0.039247, 0.000000,
              -0.019856, 0.616087,-0.787427, 0.000000,
               0.038324, 0.787473, 0.615157, 0.000000,
               0.000000, 0.279900, 0.000000, 1.000000;;
            }
            Frame Armature_Foot_L {
              FrameTransformMatrix {
                 1.000000,-0.000001,-0.000002, 0.000000,
                 0.000002, 0.752218, 0.658915, 0.000000,
                 0.000000,-0.658915, 0.752218, 0.000000,
                -0.000000, 0.284500,-0.000000, 1.000000;;
              }
            } // End of Armature_Foot_L
          } // End of Armature_LowerLeg_L
        } // End of Armature_UpperLeg_L
        Frame Armature_UpperLeg_R {
          FrameTransformMatrix {
            -0.984323,-0.152968, 0.087801, 0.000000,
             0.143938,-0.408989, 0.901119, 0.000000,
            -0.101932, 0.899627, 0.424598, 0.000000,
            -0.055900,-0.012100, 0.001700, 1.000000;;
          }
          Frame Armature_LowerLeg_R {
            FrameTransformMatrix {
               0.997398,-0.010803,-0.071283, 0.000000,
              -0.036362, 0.778384,-0.626735, 0.000000,
               0.062256, 0.627696, 0.775965, 0.000000,
              -0.000000, 0.279900,-0.000000, 1.000000;;
            }
            Frame Armature_Foot_R {
              FrameTransformMatrix {
                 1.000000, 0.000001, 0.000002, 0.000000,
                -0.000002, 0.752218, 0.658915, 0.000000,
                -0.000000,-0.658915, 0.752218, 0.000000,
                -0.000000, 0.284500,-0.000000, 1.000000;;
              }
            } // End of Armature_Foot_R
          } // End of Armature_LowerLeg_R
        } // End of Armature_UpperLeg_R
      } // End of Armature_Hips
    } // End of Armature_root
  } // End of Armature
} // End of Root
AnimationSet Global {
  Animation {
    {Armature}
    AnimationKey { // Rotation
      0;
      44;
      0;4;-0.985908, 0.161855,-0.025036,-0.034088;;,
      1;4;-0.986644, 0.157583,-0.027642,-0.030612;;,
      2;4;-0.986987, 0.155581,-0.029398,-0.028037;;,
      3;4;-0.987155, 0.153059,-0.038611,-0.024630;;,
      4;4;-0.987770, 0.146471,-0.050766,-0.016727;;,
      5;4;-0.988229, 0.139538,-0.062231,-0.007700;;,
      6;4;-0.987572, 0.136611,-0.077705, 0.000228;;,
      7;4;-0.986826, 0.141031,-0.079187, 0.003626;;,
      8;4;-0.986866, 0.145913,-0.069289, 0.002042;;,
      9;4;-0.988011, 0.145789,-0.050789,-0.000941;;,
      10;4;-0.989787, 0.140513,-0.023644,-0.004226;;,
      11;4;-0.991249, 0.131820,-0.002826,-0.006415;;,
      12;4;-0.992494, 0.122025, 0.004719,-0.006533;;,
      13;4;-0.993491, 0.113827, 0.002978,-0.003069;;,
      14;4;-0.994013, 0.109219,-0.002874,-0.000520;;,
      15;4;-0.993956, 0.109619,-0.005934,-0.000347;;,
      16;4;-0.993286, 0.115290,-0.009534,-0.000649;;,
      17;4;-0.992243, 0.123501,-0.014202,-0.000657;;,
      18;4;-0.991152, 0.131233,-0.019851,-0.000952;;,
      19;4;-0.990229, 0.136943,-0.026258,-0.001879;;,
      20;4;-0.989517, 0.140883,-0.031618,-0.002910;;,
      21;4;-0.989057, 0.143832,-0.032613,-0.003739;;,
      22;4;-0.988946, 0.145545,-0.027798,-0.005423;;,
      23;4;-0.989163, 0.145198,-0.019778,-0.009104;;,
      24;4;-0.989540, 0.143301,-0.009493,-0.013580;;,
      25;4;-0.989655, 0.142317, 0.010498,-0.014764;;,
      26;4;-0.988791, 0.144281, 0.036504,-0.011976;;,
      27;4;-0.987377, 0.148720, 0.053655,-0.009442;;,
      28;4;-0.986017, 0.154189, 0.062682,-0.008185;;,
      29;4;-0.985048, 0.158748, 0.066515,-0.007491;;,
      30;4;-0.985086, 0.160400, 0.061679,-0.008492;;,
      31;4;-0.986032, 0.158346, 0.050020,-0.012903;;,
      32;4;-0.987502, 0.153160, 0.033538,-0.016027;;,
      33;4;-0.988852, 0.147016, 0.019298,-0.013647;;,
      34;4;-0.989502, 0.142492, 0.013980,-0.019649;;,
      35;4;-0.989710, 0.140842, 0.003897,-0.024946;;,
      36;4;-0.989165, 0.143700,-0.006793,-0.029273;;,
      37;4;-0.988056, 0.150327,-0.008846,-0.032692;;,
      38;4;-0.986914, 0.157134,-0.008782,-0.035115;;,
      39;4;-0.986119, 0.161688,-0.009786,-0.036471;;,
      40;4;-0.985716, 0.163856,-0.012744,-0.036776;;,
      41;4;-0.985543, 0.164632,-0.016820,-0.036303;;,
      42;4;-0.985563, 0.164250,-0.020619,-0.035534;;,
      43;4;-0.985908, 0.161855,-0.025036,-0.034088;;;
    }
    AnimationKey { // Scale
      1;
      44;
      0;3;10.000002,10.000000,10.000000;;,
      1;3;10.000002,10.000000,10.000000;;,
      2;3;10.000000,10.000002,10.000000;;,
      3;3; 9.999999,10.000000,10.000000;;,
      4;3;10.000000,10.000000,10.000000;;,
      5;3;10.000000,10.000000,10.000000;;,
      6;3;10.000000,10.000000,10.000000;;,
      7;3;10.000001,10.000000,10.000000;;,
      8;3;10.000000,10.000000,10.000000;;,
      9;3;10.000000,10.000000,10.000000;;,
      10;3;10.000000,10.000000,10.000000;;,
      11;3;10.000000,10.000000,10.000000;;,
      12;3;10.000000,10.000000,10.000000;;,
      13;3;10.000000,10.000000,10.000000;;,
      14;3;10.000000,10.000000,10.000000;;,
      15;3;10.000000,10.000000,10.000000;;,
      16;3;10.000000,10.000000, 9.999999;;,
      17;3;10.000000,10.000001,10.000000;;,
      18;3;10.000000,10.000000,10.000000;;,
      19;3;10.000000,10.000000,10.000000;;,
      20;3;10.000000,10.000000,10.000000;;,
      21;3;10.000000,10.000000,10.000000;;,
      22;3;10.000000,10.000000,10.000000;;,
      23;3;10.000000,10.000000,10.000000;;,
      24;3;10.000000,10.000000,10.000000;;,
      25;3;10.000001,10.000000,10.000000;;,
      26;3;10.000000,10.000000,10.000000;;,
      27;3;10.000000,10.000001, 9.999998;;,
      28;3;10.000000,10.000000,10.000000;;,
      29;3;10.000000,10.000000,10.000000;;,
      30;3;10.000000,10.000000,10.000000;;,
      31;3; 9.999998,10.000000,10.000001;;,
      32;3;10.000000,10.000000,10.000000;;,
      33;3;10.000000,10.000000,10.000000;;,
      34;3;10.000000,10.000000,10.000000;;,
      35;3;10.000000,10.000000, 9.999999;;,
      36;3;10.000000,10.000000,10.000000;;,
      37;3;10.000000,10.000000,10.000000;;,
      38;3;10.000000,10.000000, 9.999999;;,
      39;3;10.000001,10.000000,10.000000;;,
      40;3;10.000002,10.000000,10.000000;;,
      41;3;10.000000,10.000000,10.000000;;,
      42;3;10.000000,10.000001,10.000000;;,
      43;3;10.000000,10.000000,10.000000;;;
    }
    AnimationKey { // Position
      2;
      44;
      0;3; 0.390192, 2.124134,-0.665769;;,
      1;3; 0.405406, 2.099475,-0.536024;;,
      2;3; 0.421639, 2.103039,-0.473027;;,
      3;3; 0.536631, 2.104183,-0.414140;;,
      4;3; 0.676683, 2.058902,-0.318754;;,
      5;3; 0.805571, 2.014748,-0.234855;;,
      6;3; 0.988408, 2.035493,-0.173764;;,
      7;3; 0.990450, 2.138864,-0.099406;;,
      8;3; 0.848367, 2.221303,-0.036353;;,
      9;3; 0.589745, 2.204428,-0.029975;;,
      10;3; 0.214081, 2.098647,-0.060250;;,
      11;3;-0.078531, 1.958727,-0.108841;;,
      12;3;-0.194002, 1.825333,-0.165958;;,
      13;3;-0.180646, 1.734582,-0.225809;;,
      14;3;-0.110102, 1.698908,-0.303928;;,
      15;3;-0.070856, 1.725870,-0.406494;;,
      16;3;-0.017878, 1.835664,-0.498093;;,
      17;3; 0.049367, 1.993453,-0.574980;;,
      18;3; 0.125599, 2.154640,-0.642768;;,
      19;3; 0.207999, 2.284734,-0.704486;;,
      20;3; 0.275733, 2.370137,-0.749820;;,
      21;3; 0.288658, 2.411712,-0.762606;;,
      22;3; 0.230880, 2.406669,-0.740396;;,
      23;3; 0.137144, 2.350018,-0.695443;;,
      24;3; 0.013002, 2.262278,-0.642325;;,
      25;3;-0.251535, 2.199208,-0.592684;;,
      26;3;-0.608663, 2.200830,-0.538085;;,
      27;3;-0.847222, 2.234855,-0.453179;;,
      28;3;-0.978741, 2.279355,-0.361873;;,
      29;3;-1.033857, 2.313341,-0.290435;;,
      30;3;-0.968733, 2.303015,-0.244570;;,
      31;3;-0.798900, 2.238765,-0.222605;;,
      32;3;-0.556421, 2.125168,-0.265962;;,
      33;3;-0.344941, 2.004701,-0.372172;;,
      34;3;-0.235233, 1.916133,-0.448707;;,
      35;3;-0.063998, 1.851232,-0.560858;;,
      36;3; 0.109468, 1.867408,-0.690629;;,
      37;3; 0.161759, 1.970671,-0.775619;;,
      38;3; 0.182542, 2.092380,-0.828158;;,
      39;3; 0.212820, 2.181960,-0.857438;;,
      40;3; 0.260168, 2.224911,-0.861186;;,
      41;3; 0.310930, 2.230292,-0.831051;;,
      42;3; 0.348702, 2.201033,-0.762941;;,
      43;3; 0.390259, 2.124133,-0.665770;;;
    }
  }
  Animation {
    {Armature_root}
    AnimationKey { // Rotation
      0;
      44;
      0;4;-0.707107, 0.707107, 0.000000, 0.000000;;,
      1;4;-0.707107, 0.707107, 0.000000, 0.000000;;,
      2;4;-0.707107, 0.707107, 0.000000, 0.000000;;,
      3;4;-0.707107, 0.707107, 0.000000, 0.000000;;,
      4;4;-0.707107, 0.707107, 0.000000, 0.000000;;,
      5;4;-0.707107, 0.707107, 0.000000, 0.000000;;,
      6;4;-0.707107, 0.707107, 0.000000, 0.000000;;,
      7;4;-0.707107, 0.707107, 0.000000, 0.000000;;,
      8;4;-0.707107, 0.707107, 0.000000, 0.000000;;,
      9;4;-0.707107, 0.707107, 0.000000, 0.000000;;,
      10;4;-0.707107, 0.707107, 0.000000, 0.000000;;,
      11;4;-0.707107, 0.707107, 0.000000, 0.000000;;,
      12;4;-0.707107, 0.707107, 0.000000, 0.000000;;,
      13;4;-0.707107, 0.707107, 0.000000, 0.000000;;,
      14;4;-0.707107, 0.707107, 0.000000, 0.000000;;,
      15;4;-0.707107, 0.707107, 0.000000, 0.000000;;,
      16;4;-0.707107, 0.707107, 0.000000, 0.000000;;,
      17;4;-0.707107, 0.707107, 0.000000, 0.000000;;,
      18;4;-0.707107, 0.707107, 0.000000, 0.000000;;,
      19;4;-0.707107, 0.707107, 0.000000, 0.000000;;,
      20;4;-0.707107, 0.707107, 0.000000, 0.000000;;,
      21;4;-0.707107, 0.707107, 0.000000, 0.000000;;,
      22;4;-0.707107, 0.707107, 0.000000, 0.000000;;,
      23;4;-0.707107, 0.707107, 0.000000, 0.000000;;,
      24;4;-0.707107, 0.707107, 0.000000, 0.000000;;,
      25;4;-0.707107, 0.707107, 0.000000, 0.000000;;,
      26;4;-0.707107, 0.707107, 0.000000, 0.000000;;,
      27;4;-0.707107, 0.707107, 0.000000, 0.000000;;,
      28;4;-0.707107, 0.707107, 0.000000, 0.000000;;,
      29;4;-0.707107, 0.707107, 0.000000, 0.000000;;,
      30;4;-0.707107, 0.707107, 0.000000, 0.000000;;,
      31;4;-0.707107, 0.707107, 0.000000, 0.000000;;,
      32;4;-0.707107, 0.707107, 0.000000, 0.000000;;,
      33;4;-0.707107, 0.707107, 0.000000, 0.000000;;,
      34;4;-0.707107, 0.707107, 0.000000, 0.000000;;,
      35;4;-0.707107, 0.707107, 0.000000, 0.000000;;,
      36;4;-0.707107, 0.707107, 0.000000, 0.000000;;,
      37;4;-0.707107, 0.707107, 0.000000, 0.000000;;,
      38;4;-0.707107, 0.707107, 0.000000, 0.000000;;,
      39;4;-0.707107, 0.707107, 0.000000, 0.000000;;,
      40;4;-0.707107, 0.707107, 0.000000, 0.000000;;,
      41;4;-0.707107, 0.707107, 0.000000, 0.000000;;,
      42;4;-0.707107, 0.707107, 0.000000, 0.000000;;,
      43;4;-0.707107, 0.707107, 0.000000, 0.000000;;;
    }
    AnimationKey { // Scale
      1;
      44;
      0;3; 1.000000, 1.000000, 1.000000;;,
      1;3; 1.000000, 1.000000, 1.000000;;,
      2;3; 1.000000, 1.000000, 1.000000;;,
      3;3; 1.000000, 1.000000, 1.000000;;,
      4;3; 1.000000, 1.000000, 1.000000;;,
      5;3; 1.000000, 1.000000, 1.000000;;,
      6;3; 1.000000, 1.000000, 1.000000;;,
      7;3; 1.000000, 1.000000, 1.000000;;,
      8;3; 1.000000, 1.000000, 1.000000;;,
      9;3; 1.000000, 1.000000, 1.000000;;,
      10;3; 1.000000, 1.000000, 1.000000;;,
      11;3; 1.000000, 1.000000, 1.000000;;,
      12;3; 1.000000, 1.000000, 1.000000;;,
      13;3; 1.000000, 1.000000, 1.000000;;,
      14;3; 1.000000, 1.000000, 1.000000;;,
      15;3; 1.000000, 1.000000, 1.000000;;,
      16;3; 1.000000, 1.000000, 1.000000;;,
      17;3; 1.000000, 1.000000, 1.000000;;,
      18;3; 1.000000, 1.000000, 1.000000;;,
      19;3; 1.000000, 1.000000, 1.000000;;,
      20;3; 1.000000, 1.000000, 1.000000;;,
      21;3; 1.000000, 1.000000, 1.000000;;,
      22;3; 1.000000, 1.000000, 1.000000;;,
      23;3; 1.000000, 1.000000, 1.000000;;,
      24;3; 1.000000, 1.000000, 1.000000;;,
      25;3; 1.000000, 1.000000, 1.000000;;,
      26;3; 1.000000, 1.000000, 1.000000;;,
      27;3; 1.000000, 1.000000, 1.000000;;,
      28;3; 1.000000, 1.000000, 1.000000;;,
      29;3; 1.000000, 1.000000, 1.000000;;,
      30;3; 1.000000, 1.000000, 1.000000;;,
      31;3; 1.000000, 1.000000, 1.000000;;,
      32;3; 1.000000, 1.000000, 1.000000;;,
      33;3; 1.000000, 1.000000, 1.000000;;,
      34;3; 1.000000, 1.000000, 1.000000;;,
      35;3; 1.000000, 1.000000, 1.000000;;,
      36;3; 1.000000, 1.000000, 1.000000;;,
      37;3; 1.000000, 1.000000, 1.000000;;,
      38;3; 1.000000, 1.000000, 1.000000;;,
      39;3; 1.000000, 1.000000, 1.000000;;,
      40;3; 1.000000, 1.000000, 1.000000;;,
      41;3; 1.000000, 1.000000, 1.000000;;,
      42;3; 1.000000, 1.000000, 1.000000;;,
      43;3; 1.000000, 1.000000, 1.000000;;;
    }
    AnimationKey { // Position
      2;
      44;
      0;3; 0.000000, 0.000000, 0.000000;;,
      1;3; 0.000000, 0.000000, 0.000000;;,
      2;3; 0.000000, 0.000000, 0.000000;;,
      3;3; 0.000000, 0.000000, 0.000000;;,
      4;3; 0.000000, 0.000000, 0.000000;;,
      5;3; 0.000000, 0.000000, 0.000000;;,
      6;3; 0.000000, 0.000000, 0.000000;;,
      7;3; 0.000000, 0.000000, 0.000000;;,
      8;3; 0.000000, 0.000000, 0.000000;;,
      9;3; 0.000000, 0.000000, 0.000000;;,
      10;3; 0.000000, 0.000000, 0.000000;;,
      11;3; 0.000000, 0.000000, 0.000000;;,
      12;3; 0.000000, 0.000000, 0.000000;;,
      13;3; 0.000000, 0.000000, 0.000000;;,
      14;3; 0.000000, 0.000000, 0.000000;;,
      15;3; 0.000000, 0.000000, 0.000000;;,
      16;3; 0.000000, 0.000000, 0.000000;;,
      17;3; 0.000000, 0.000000, 0.000000;;,
      18;3; 0.000000, 0.000000, 0.000000;;,
      19;3; 0.000000, 0.000000, 0.000000;;,
      20;3; 0.000000, 0.000000, 0.000000;;,
      21;3; 0.000000, 0.000000, 0.000000;;,
      22;3; 0.000000, 0.000000, 0.000000;;,
      23;3; 0.000000, 0.000000, 0.000000;;,
      24;3; 0.000000, 0.000000, 0.000000;;,
      25;3; 0.000000, 0.000000, 0.000000;;,
      26;3; 0.000000, 0.000000, 0.000000;;,
      27;3; 0.000000, 0.000000, 0.000000;;,
      28;3; 0.000000, 0.000000, 0.000000;;,
      29;3; 0.000000, 0.000000, 0.000000;;,
      30;3; 0.000000, 0.000000, 0.000000;;,
      31;3; 0.000000, 0.000000, 0.000000;;,
      32;3; 0.000000, 0.000000, 0.000000;;,
      33;3; 0.000000, 0.000000, 0.000000;;,
      34;3; 0.000000, 0.000000, 0.000000;;,
      35;3; 0.000000, 0.000000, 0.000000;;,
      36;3; 0.000000, 0.000000, 0.000000;;,
      37;3; 0.000000, 0.000000, 0.000000;;,
      38;3; 0.000000, 0.000000, 0.000000;;,
      39;3; 0.000000, 0.000000, 0.000000;;,
      40;3; 0.000000, 0.000000, 0.000000;;,
      41;3; 0.000000, 0.000000, 0.000000;;,
      42;3; 0.000000, 0.000000, 0.000000;;,
      43;3; 0.000000, 0.000000, 0.000000;;;
    }
  }
  Animation {
    {Armature_Hips}
    AnimationKey { // Rotation
      0;
      44;
      0;4;-0.997521, 0.070374, 0.000000, 0.000000;;,
      1;4;-0.997521, 0.070374, 0.000000, 0.000000;;,
      2;4;-0.997521, 0.070374, 0.000000, 0.000000;;,
      3;4;-0.997521, 0.070374, 0.000000, 0.000000;;,
      4;4;-0.997521, 0.070374, 0.000000, 0.000000;;,
      5;4;-0.997521, 0.070374, 0.000000, 0.000000;;,
      6;4;-0.997521, 0.070374, 0.000000, 0.000000;;,
      7;4;-0.997521, 0.070374, 0.000000, 0.000000;;,
      8;4;-0.997521, 0.070374, 0.000000, 0.000000;;,
      9;4;-0.997521, 0.070374, 0.000000, 0.000000;;,
      10;4;-0.997521, 0.070374, 0.000000, 0.000000;;,
      11;4;-0.997521, 0.070374, 0.000000, 0.000000;;,
      12;4;-0.997521, 0.070374, 0.000000, 0.000000;;,
      13;4;-0.997521, 0.070374, 0.000000, 0.000000;;,
      14;4;-0.997521, 0.070374, 0.000000, 0.000000;;,
      15;4;-0.997521, 0.070374, 0.000000, 0.000000;;,
      16;4;-0.997521, 0.070374, 0.000000, 0.000000;;,
      17;4;-0.997521, 0.070374, 0.000000, 0.000000;;,
