xof 0303txt 0032

template XSkinMeshHeader {
  <3cf169ce-ff7c-44ab-93c0-f78f62d172e2>
  WORD nMaxSkinWeightsPerVertex;
  WORD nMaxSkinWeightsPerFace;
  WORD nBones;
}

template SkinWeights {
  <6f0d123b-bad2-4167-a0d0-80224f25fabb>
  STRING transformNodeName;
  DWORD nWeights;
  array DWORD vertexIndices[nWeights];
  array float weights[nWeights];
  Matrix4x4 matrixOffset;
}

Frame Root {
  FrameTransformMatrix {
     1.000000, 0.000000, 0.000000, 0.000000,
     0.000000,-0.000000,-1.000000, 0.000000,
     0.000000, 1.000000,-0.000000, 0.000000,
     0.000000, 0.000000, 0.000000, 1.000000;;
  }
  Frame Armature {
    FrameTransformMatrix {
       7.585497,-6.508329,-0.319185, 0.000000,
       5.914103, 6.670740, 4.530410, 0.000000,
      -2.735620,-3.625310, 8.909180, 0.000000,
       2.064103, 2.411712,-0.955681, 1.000000;;
    }
    Frame Armature_root {
      FrameTransformMatrix {
         1.000000, 0.000000, 0.000000, 0.000000,
         0.000000,-0.000000, 1.000000, 0.000000,
         0.000000,-1.000000,-0.000000, 0.000000,
         0.000000, 0.000000, 0.000000, 1.000000;;
      }
      Frame Armature_Hips {
        FrameTransformMatrix {
           1.000000, 0.000000, 0.000000, 0.000000,
           0.000000, 0.990095, 0.140398, 0.000000,
           0.000000,-0.140398, 0.990095, 0.000000,
           0.000000, 0.672200, 0.000000, 1.000000;;
        }
        Frame Armature_Spine {
          FrameTransformMatrix {
             0.995446,-0.083506, 0.045984, 0.000000,
            -0.063086,-0.215407, 0.974485, 0.000000,
            -0.071470,-0.972947,-0.219694, 0.000000,
             0.000000, 0.097600, 0.000000, 1.000000;;
          }
          Frame Armature_Belt_001 {
            FrameTransformMatrix {
              -0.985573,-0.087766, 0.144719, 0.000000,
               0.114316, 0.285358, 0.951579, 0.000000,
              -0.124813, 0.954394,-0.271208, 0.000000,
               0.058100, 0.073000, 0.018400, 1.000000;;
            }
            Frame Armature_Belt_002 {
              FrameTransformMatrix {
                 0.983949,-0.176651, 0.025260, 0.000000,
                 0.174189, 0.981536, 0.079028, 0.000000,
                -0.038754,-0.073359, 0.996552, 0.000000,
                 0.000000, 0.180582,-0.000000, 1.000000;;
              }
              Frame Armature_Belt_003 {
                FrameTransformMatrix {
                   0.959917, 0.234678,-0.153251, 0.000000,
                  -0.280197, 0.789752,-0.545694, 0.000000,
                  -0.007033, 0.566761, 0.823852, 0.000000,
                  -0.000000, 0.115345,-0.000000, 1.000000;;
                }
              } // End of Armature_Belt_003
            } // End of Armature_Belt_002
          } // End of Armature_Belt_001
          Frame Armature_Chest {
            FrameTransformMatrix {
               0.982319, 0.043955, 0.181984, 0.000000,
               0.131806, 0.527949,-0.838986, 0.000000,
              -0.132955, 0.848138, 0.512821, 0.000000,
               0.000000,-0.000000,-0.074000, 1.000000;;
            }
            Frame Armature_Neck {
              FrameTransformMatrix {
                 0.988545, 0.068920,-0.134273, 0.000000,
                -0.107479, 0.946042,-0.305702, 0.000000,
                 0.105959, 0.316631, 0.942612, 0.000000,
                -0.000000, 0.172600, 0.000000, 1.000000;;
              }
              Frame Armature_Head {
                FrameTransformMatrix {
                   0.993307, 0.016783,-0.114278, 0.000000,
                   0.011630, 0.969827, 0.243515, 0.000000,
                   0.114917,-0.243214, 0.963141, 0.000000,
                   0.000000, 0.058100,-0.000000, 1.000000;;
                }
                Frame Armature_Bang_L {
                  FrameTransformMatrix {
                    -0.820339,-0.057161,-0.569014, 0.000000,
                     0.000004,-0.994993, 0.099947, 0.000000,
                    -0.571866, 0.081985, 0.816215, 0.000000,
                     0.046900, 0.160400, 0.097500, 1.000000;;
                  }
                } // End of Armature_Bang_L
                Frame Armature_Bang_R {
                  FrameTransformMatrix {
                    -0.820339, 0.057161, 0.569014, 0.000000,
                    -0.000004,-0.994993, 0.099947, 0.000000,
                     0.571866, 0.081985, 0.816215, 0.000000,
                    -0.046900, 0.160400, 0.097500, 1.000000;;
                  }
                } // End of Armature_Bang_R
                Frame Armature_HairSide_L {
                  FrameTransformMatrix {
                    -0.900010, 0.003827,-0.435849, 0.000000,
                    -0.069010,-0.988599, 0.133822, 0.000000,
                    -0.430371, 0.150518, 0.890010, 0.000000,
                     0.097000, 0.155100, 0.067600, 1.000000;;
                  }
                } // End of Armature_HairSide_L
                Frame Armature_HairSide_R {
                  FrameTransformMatrix {
                    -0.900010,-0.003827, 0.435849, 0.000000,
                     0.069010,-0.988599, 0.133822, 0.000000,
                     0.430371, 0.150518, 0.890010, 0.000000,
                    -0.097000, 0.155100, 0.067600, 1.000000;;
                  }
                } // End of Armature_HairSide_R
                Frame Armature_Left_Eye {
                  FrameTransformMatrix {
                     0.984273, 0.000965,-0.176650, 0.000000,
                     0.174547, 0.148653, 0.973363, 0.000000,
                     0.027199,-0.988889, 0.146147, 0.000000,
                     0.031400, 0.076700, 0.040900, 1.000000;;
                  }
                } // End of Armature_Left_Eye
                Frame Armature_Right_Eye {
                  FrameTransformMatrix {
                     0.984273,-0.000965, 0.176650, 0.000000,
                    -0.174547, 0.148653, 0.973363, 0.000000,
                    -0.027199,-0.988889, 0.146147, 0.000000,
                    -0.031400, 0.076700, 0.040900, 1.000000;;
                  }
                } // End of Armature_Right_Eye
                Frame Armature_Ring {
                  FrameTransformMatrix {
                     1.000000,-0.000000,-0.000000, 0.000000,
                     0.000000, 0.994993,-0.099943, 0.000000,
                     0.000000, 0.099943, 0.994993, 0.000000,
                     0.000000, 0.254900,-0.008400, 1.000000;;
                  }
                } // End of Armature_Ring
              } // End of Armature_Head
              Frame Armature_Hood {
                FrameTransformMatrix {
                   1.000000, 0.000000, 0.000000, 0.000000,
                   0.000000,-0.602875,-0.797835, 0.000000,
                  -0.000000, 0.797835,-0.602876, 0.000000,
                   0.000000, 0.042500,-0.040500, 1.000000;;
                }
              } // End of Armature_Hood
            } // End of Armature_Neck
            Frame Armature_Shoulder_L {
              FrameTransformMatrix {
                 0.439395,-0.897249,-0.043309, 0.000000,
                 0.877511, 0.418420, 0.234306, 0.000000,
                -0.192109,-0.140957, 0.971198, 0.000000,
                -0.000000, 0.172600, 0.000000, 1.000000;;
              }
              Frame Armature_UpperArm_L {
                FrameTransformMatrix {
                  -0.026214,-0.173431, 0.984497, 0.000000,
                  -0.181447, 0.969302, 0.165923, 0.000000,
                  -0.983051,-0.174284,-0.056878, 0.000000,
                   0.000000, 0.071700, 0.000000, 1.000000;;
                }
                Frame Armature_LowerArm_L {
                  FrameTransformMatrix {
                     0.999723, 0.023091, 0.004436, 0.000000,
                    -0.023091, 0.928548, 0.370493, 0.000000,
                     0.004436,-0.370493, 0.928825, 0.000000,
                     0.000000, 0.195000,-0.000000, 1.000000;;
                  }
                  Frame Armature_Hand_L {
                    FrameTransformMatrix {
                       0.941195, 0.327657,-0.082425, 0.000000,
                      -0.324818, 0.944650, 0.046151, 0.000000,
                       0.092984,-0.016664, 0.995528, 0.000000,
                       0.000000, 0.180900,-0.000000, 1.000000;;
                    }
                    Frame Armature_Index_Proximal_L {
                      FrameTransformMatrix {
                         0.931388, 0.359294,-0.058513, 0.000000,
                        -0.320483, 0.885547, 0.336301, 0.000000,
                         0.172647,-0.294474, 0.939935, 0.000000,
                        -0.001000, 0.072300, 0.029300, 1.000000;;
                      }
                      Frame Armature_Index_Intermediate_L {
                        FrameTransformMatrix {
                           0.981097,-0.193507, 0.001987, 0.000000,
                           0.193516, 0.980997,-0.014009, 0.000000,
                           0.000762, 0.014129, 0.999900, 0.000000,
                          -0.000000, 0.020300,-0.000000, 1.000000;;
                        }
                        Frame Armature_Index_Distal_L {
                          FrameTransformMatrix {
                             0.857831,-0.513932, 0.000177, 0.000000,
                             0.513932, 0.857831,-0.000171, 0.000000,
                            -0.000064, 0.000238, 1.000000, 0.000000,
                             0.000000, 0.019500, 0.000000, 1.000000;;
                          }
                        } // End of Armature_Index_Distal_L
                      } // End of Armature_Index_Intermediate_L
                    } // End of Armature_Index_Proximal_L
                    Frame Armature_Little_Proximal_L {
                      FrameTransformMatrix {
                         0.955274,-0.168168, 0.243252, 0.000000,
                         0.222116, 0.951074,-0.214760, 0.000000,
                        -0.195235, 0.259185, 0.945889, 0.000000,
                         0.000500, 0.068300,-0.019200, 1.000000;;
                      }
                      Frame Armature_Little_Intermediate_L {
                        FrameTransformMatrix {
                           0.624330,-0.780594, 0.029747, 0.000000,
                           0.780595, 0.621975,-0.061795, 0.000000,
                           0.029735, 0.061801, 0.997645, 0.000000,
                          -0.000000, 0.018400,-0.000000, 1.000000;;
                        }
                        Frame Armature_Little_Distal_L {
                          FrameTransformMatrix {
                             0.978411,-0.206667,-0.000007, 0.000000,
                             0.206667, 0.978411,-0.000000, 0.000000,
                             0.000007,-0.000001, 1.000000, 0.000000,
                            -0.000000, 0.018500, 0.000000, 1.000000;;
                          }
                        } // End of Armature_Little_Distal_L
                      } // End of Armature_Little_Intermediate_L
                    } // End of Armature_Little_Proximal_L
                    Frame Armature_Middle_Proximal_L {
                      FrameTransformMatrix {
                         0.979827, 0.197298, 0.031811, 0.000000,
                        -0.199263, 0.952366, 0.230853, 0.000000,
                         0.015251,-0.232535, 0.972468, 0.000000,
                        -0.001200, 0.074600, 0.013600, 1.000000;;
                      }
                      Frame Armature_Middle_Intermediate_L {
                        FrameTransformMatrix {
                           0.951244,-0.308418, 0.003547, 0.000000,
                           0.308418, 0.950986,-0.022437, 0.000000,
                           0.003547, 0.022437, 0.999742, 0.000000,
                          -0.000000, 0.021800, 0.000000, 1.000000;;
                        }
                        Frame Armature_Middle_Distal_L {
                          FrameTransformMatrix {
                             0.929749,-0.368194,-0.000000, 0.000000,
                             0.368194, 0.929749, 0.000000, 0.000000,
                             0.000000,-0.000000, 1.000000, 0.000000,
                            -0.000000, 0.019600,-0.000000, 1.000000;;
                          }
                        } // End of Armature_Middle_Distal_L
                      } // End of Armature_Middle_Intermediate_L
                    } // End of Armature_Middle_Proximal_L
                    Frame Armature_Ring_Proximal_L {
                      FrameTransformMatrix {
                         0.999946,-0.007413, 0.007238, 0.000000,
                         0.006980, 0.998286, 0.058102, 0.000000,
                        -0.007656,-0.058048, 0.998285, 0.000000,
                        -0.000000, 0.073700,-0.003500, 1.000000;;
                      }
                      Frame Armature_Ring_Intermediate_L {
                        FrameTransformMatrix {
                           0.633371,-0.773320, 0.028607, 0.000000,
                           0.773320, 0.631139,-0.060335, 0.000000,
                           0.028604, 0.060337, 0.997768, 0.000000,
                          -0.000000, 0.022300,-0.000000, 1.000000;;
                        }
                        Frame Armature_Ring_Distal_L {
                          FrameTransformMatrix {
                             0.900806,-0.434223, 0.000002, 0.000000,
                             0.434223, 0.900806, 0.000000, 0.000000,
                            -0.000002, 0.000001, 1.000000, 0.000000,
                            -0.000000, 0.017900, 0.000000, 1.000000;;
                          }
                        } // End of Armature_Ring_Distal_L
                      } // End of Armature_Ring_Intermediate_L
                    } // End of Armature_Ring_Proximal_L
                    Frame Armature_Thumb_Proximal_L {
                      FrameTransformMatrix {
                         0.882189,-0.387512,-0.267538, 0.000000,
                         0.468866, 0.670169, 0.575359, 0.000000,
                        -0.043663,-0.633015, 0.772907, 0.000000,
                         0.019000, 0.053600, 0.043600, 1.000000;;
                      }
                      Frame Armature_Thumb_Intermediate_L {
                        FrameTransformMatrix {
                           0.999611, 0.011930, 0.025191, 0.000000,
                          -0.003855, 0.954260,-0.298953, 0.000000,
                          -0.027606, 0.298740, 0.953935, 0.000000,
                          -0.000000, 0.013000,-0.000000, 1.000000;;
                        }
                        Frame Armature_Thumb_Distal_L {
                          FrameTransformMatrix {
                             0.999826, 0.013697,-0.012629, 0.000000,
                            -0.014974, 0.994108,-0.107355, 0.000000,
                             0.011085, 0.107526, 0.994141, 0.000000,
                             0.000000, 0.012200,-0.000000, 1.000000;;
                          }
                        } // End of Armature_Thumb_Distal_L
                      } // End of Armature_Thumb_Intermediate_L
                    } // End of Armature_Thumb_Proximal_L
                  } // End of Armature_Hand_L
                } // End of Armature_LowerArm_L
              } // End of Armature_UpperArm_L
            } // End of Armature_Shoulder_L
            Frame Armature_Shoulder_R {
              FrameTransformMatrix {
                 0.152803, 0.987818,-0.029443, 0.000000,
                -0.900659, 0.151460, 0.407276, 0.000000,
                 0.406774,-0.035715, 0.912831, 0.000000,
                -0.000000, 0.172600, 0.000000, 1.000000;;
              }
              Frame Armature_UpperArm_R {
                FrameTransformMatrix {
                   0.269813, 0.696017,-0.665403, 0.000000,
                  -0.961867, 0.227008,-0.152573, 0.000000,
                   0.044859, 0.681196, 0.730726, 0.000000,
                   0.000000, 0.071700, 0.000000, 1.000000;;
                }
                Frame Armature_LowerArm_R {
                  FrameTransformMatrix {
                     0.999356,-0.034375,-0.010341, 0.000000,
                     0.034375, 0.833437, 0.551544, 0.000000,
                    -0.010341,-0.551544, 0.834082, 0.000000,
                    -0.000000, 0.195000,-0.000000, 1.000000;;
                  }
                  Frame Armature_Hand_R {
                    FrameTransformMatrix {
                       0.878728,-0.314115,-0.359400, 0.000000,
                       0.376383, 0.919046, 0.117007, 0.000000,
                       0.293551,-0.238090, 0.925819, 0.000000,
                      -0.000000, 0.180900,-0.000000, 1.000000;;
                    }
                    Frame Armature_Index_Proximal_R {
                      FrameTransformMatrix {
                         0.974817, 0.216618, 0.052995, 0.000000,
                        -0.222839, 0.955392, 0.193830, 0.000000,
                        -0.008644,-0.200758, 0.979603, 0.000000,
                         0.001000, 0.072300, 0.029300, 1.000000;;
                      }
                      Frame Armature_Index_Intermediate_R {
                        FrameTransformMatrix {
                           0.976696, 0.214621,-0.001818, 0.000000,
                          -0.214628, 0.976633,-0.011048, 0.000000,
                          -0.000596, 0.011181, 0.999937, 0.000000,
                          -0.000000, 0.020300,-0.000000, 1.000000;;
                        }
                        Frame Armature_Index_Distal_R {
                          FrameTransformMatrix {
                             0.857831, 0.513932,-0.000177, 0.000000,
                            -0.513932, 0.857831,-0.000171, 0.000000,
                             0.000064, 0.000238, 1.000000, 0.000000,
                             0.000000, 0.019500,-0.000000, 1.000000;;
                          }
                        } // End of Armature_Index_Distal_R
                      } // End of Armature_Index_Intermediate_R
                    } // End of Armature_Index_Proximal_R
                    Frame Armature_Little_Proximal_R {
                      FrameTransformMatrix {
                         0.622004, 0.761992,-0.180217, 0.000000,
                        -0.777188, 0.628825,-0.023607, 0.000000,
                         0.095337, 0.154747, 0.983343, 0.000000,
                        -0.000500, 0.068300,-0.019200, 1.000000;;
                      }
                      Frame Armature_Little_Intermediate_R {
                        FrameTransformMatrix {
                           0.519105, 0.854252,-0.028009, 0.000000,
                          -0.854252, 0.517474,-0.049741, 0.000000,
                          -0.027997, 0.049748, 0.998369, 0.000000,
                           0.000000, 0.018400, 0.000000, 1.000000;;
                        }
                        Frame Armature_Little_Distal_R {
                          FrameTransformMatrix {
                             0.978411, 0.206667, 0.000007, 0.000000,
                            -0.206667, 0.978411,-0.000000, 0.000000,
                            -0.000007,-0.000001, 1.000000, 0.000000,
                             0.000000, 0.018500, 0.000000, 1.000000;;
                          }
                        } // End of Armature_Little_Distal_R
                      } // End of Armature_Little_Intermediate_R
                    } // End of Armature_Little_Proximal_R
                    Frame Armature_Middle_Proximal_R {
                      FrameTransformMatrix {
                         0.949361, 0.311888, 0.037937, 0.000000,
                        -0.314185, 0.942096, 0.117231, 0.000000,
                         0.000823,-0.123214, 0.992380, 0.000000,
                         0.001200, 0.074600, 0.013600, 1.000000;;
                      }
                      Frame Armature_Middle_Intermediate_R {
                        FrameTransformMatrix {
                           0.976696, 0.214623,-0.001208, 0.000000,
                          -0.214623, 0.976633,-0.011124, 0.000000,
                          -0.001208, 0.011124, 0.999937, 0.000000,
                          -0.000000, 0.021800, 0.000000, 1.000000;;
                        }
                        Frame Armature_Middle_Distal_R {
                          FrameTransformMatrix {
                             0.929749, 0.368194, 0.000000, 0.000000,
                            -0.368194, 0.929749, 0.000000, 0.000000,
                            -0.000000,-0.000000, 1.000000, 0.000000,
                            -0.000000, 0.019600,-0.000000, 1.000000;;
                          }
                        } // End of Armature_Middle_Distal_R
                      } // End of Armature_Middle_Intermediate_R
                    } // End of Armature_Middle_Proximal_R
                    Frame Armature_Ring_Proximal_R {
                      FrameTransformMatrix {
                         0.701317, 0.708746, 0.076376, 0.000000,
                        -0.712800, 0.698489, 0.063476, 0.000000,
                        -0.008359,-0.098958, 0.995057, 0.000000,
                         0.000000, 0.073700,-0.003500, 1.000000;;
                      }
                      Frame Armature_Ring_Intermediate_R {
                        FrameTransformMatrix {
                           0.643544, 0.765138,-0.020351, 0.000000,
                          -0.765138, 0.642383,-0.043680, 0.000000,
                          -0.020348, 0.043682, 0.998838, 0.000000,
                          -0.000000, 0.022300,-0.000000, 1.000000;;
                        }
                        Frame Armature_Ring_Distal_R {
                          FrameTransformMatrix {
                             0.900806, 0.434222,-0.000004, 0.000000,
                            -0.434223, 0.900806, 0.000000, 0.000000,
                             0.000003, 0.000002, 1.000000, 0.000000,
                            -0.000000, 0.017900,-0.000000, 1.000000;;
                          }
                        } // End of Armature_Ring_Distal_R
                      } // End of Armature_Ring_Intermediate_R
                    } // End of Armature_Ring_Proximal_R
                    Frame Armature_Thumb_Proximal_R {
                      FrameTransformMatrix {
                         0.887438, 0.288873, 0.359175, 0.000000,
                        -0.444785, 0.741118, 0.502902, 0.000000,
                        -0.120916,-0.606050, 0.786182, 0.000000,
                        -0.019000, 0.053600, 0.043600, 1.000000;;
                      }
                      Frame Armature_Thumb_Intermediate_R {
                        FrameTransformMatrix {
                           0.995986,-0.065388,-0.061131, 0.000000,
                           0.026495, 0.867676,-0.496425, 0.000000,
                           0.085502, 0.492812, 0.865925, 0.000000,
                           0.000000, 0.013000,-0.000000, 1.000000;;
                        }
                        Frame Armature_Thumb_Distal_R {
                          FrameTransformMatrix {
                             0.999826,-0.013697, 0.012629, 0.000000,
                             0.014974, 0.994108,-0.107355, 0.000000,
                            -0.011085, 0.107526, 0.994141, 0.000000,
                            -0.000000, 0.012200, 0.000000, 1.000000;;
                          }
                        } // End of Armature_Thumb_Distal_R
                      } // End of Armature_Thumb_Intermediate_R
                    } // End of Armature_Thumb_Proximal_R
                  } // End of Armature_Hand_R
                } // End of Armature_LowerArm_R
              } // End of Armature_UpperArm_R
            } // End of Armature_Shoulder_R
          } // End of Armature_Chest
        } // End of Armature_Spine
        Frame Armature_UpperLeg_L {
          FrameTransformMatrix {
            -0.872069, 0.436214, 0.221844, 0.000000,
            -0.039348,-0.514341, 0.856686, 0.000000,
             0.487799, 0.738357, 0.465708, 0.000000,
             0.055900,-0.012100, 0.001700, 1.000000;;
          }
          Frame Armature_LowerLeg_L {
            FrameTransformMatrix {
               0.984972,-0.011058, 0.172359, 0.000000,
               0.171513, 0.180060,-0.968587, 0.000000,
              -0.020324, 0.983593, 0.179251, 0.000000,
              -0.000000, 0.279900, 0.000000, 1.000000;;
            }
            Frame Armature_Foot_L {
              FrameTransformMatrix {
                 1.000000,-0.000001,-0.000002, 0.000000,
                 0.000002, 0.752218, 0.658915, 0.000000,
                 0.000000,-0.658915, 0.752218, 0.000000,
                -0.000000, 0.284500, 0.000000, 1.000000;;
              }
            } // End of Armature_Foot_L
          } // End of Armature_LowerLeg_L
        } // End of Armature_UpperLeg_L
        Frame Armature_UpperLeg_R {
          FrameTransformMatrix {
            -0.965209,-0.160687, 0.206282, 0.000000,
             0.219164,-0.066875, 0.973398, 0.000000,
            -0.142617, 0.984737, 0.099768, 0.000000,
            -0.055900,-0.012100, 0.001700, 1.000000;;
          }
          Frame Armature_LowerLeg_R {
            FrameTransformMatrix {
               0.974260, 0.134285,-0.181067, 0.000000,
              -0.173798, 0.958982,-0.223936, 0.000000,
               0.143568, 0.249641, 0.957636, 0.000000,
              -0.000000, 0.279900,-0.000000, 1.000000;;
            }
            Frame Armature_Foot_R {
              FrameTransformMatrix {
                 1.000000, 0.000001, 0.000002, 0.000000,
                -0.000002, 0.752218, 0.658915, 0.000000,
                -0.000000,-0.658915, 0.752218, 0.000000,
                 0.000000, 0.284500, 0.000000, 1.000000;;
              }
            } // End of Armature_Foot_R
          } // End of Armature_LowerLeg_R
        } // End of Armature_UpperLeg_R
      } // End of Armature_Hips
    } // End of Armature_root
  } // End of Armature
} // End of Root
AnimationSet Global {
  Animation {
    {Armature}
    AnimationKey { // Rotation
      0;
      54;
      0;4;-0.891079, 0.213790,-0.053953,-0.396688;;,
      1;4;-0.885446, 0.215854,-0.057581,-0.407524;;,
      2;4;-0.879942, 0.218551,-0.062965,-0.417100;;,
      3;4;-0.874566, 0.221817,-0.068912,-0.425657;;,
      4;4;-0.869396, 0.225819,-0.074787,-0.433085;;,
      5;4;-0.864464, 0.230530,-0.079847,-0.439524;;,
      6;4;-0.859690, 0.235813,-0.083131,-0.445438;;,
      7;4;-0.855039, 0.241169,-0.084151,-0.451292;;,
      8;4;-0.850573, 0.245834,-0.082925,-0.457400;;,
      9;4;-0.846606, 0.248901,-0.079983,-0.463583;;,
      10;4;-0.843407, 0.249504,-0.076207,-0.469687;;,
      11;4;-0.841271, 0.247243,-0.072244,-0.475305;;,
      12;4;-0.840474, 0.241821,-0.069283,-0.479923;;,
      13;4;-0.841078, 0.233672,-0.067847,-0.483097;;,
      14;4;-0.842895, 0.223791,-0.067989,-0.484586;;,
      15;4;-0.845467, 0.213340,-0.069699,-0.484576;;,
      16;4;-0.848370, 0.203686,-0.072516,-0.483241;;,
      17;4;-0.851184, 0.196029,-0.075734,-0.480960;;,
      18;4;-0.853732, 0.191103,-0.078642,-0.477951;;,
      19;4;-0.855762, 0.189044,-0.080631,-0.474798;;,
      20;4;-0.857249, 0.189571,-0.081110,-0.471813;;,
      21;4;-0.858315, 0.192148,-0.079572,-0.469088;;,
      22;4;-0.859165, 0.196110,-0.075791,-0.466511;;,
      23;4;-0.860018, 0.200809,-0.069892,-0.463854;;,
      24;4;-0.861051, 0.205666,-0.062374,-0.460870;;,
      25;4;-0.862378, 0.210202,-0.054008,-0.457387;;,
      26;4;-0.864027, 0.214067,-0.045577,-0.453381;;,
      27;4;-0.866009, 0.217006,-0.037777,-0.448898;;,
      28;4;-0.868338, 0.218887,-0.031073,-0.443973;;,
      29;4;-0.871065, 0.219725,-0.025726,-0.438526;;,
      30;4;-0.874285, 0.219691,-0.021887,-0.432299;;,
      31;4;-0.878187, 0.219021,-0.019902,-0.424759;;,
      32;4;-0.882798, 0.218142,-0.019896,-0.415556;;,
      33;4;-0.887996, 0.217479,-0.021967,-0.404577;;,
      34;4;-0.893529, 0.217316,-0.026215,-0.392035;;,
      35;4;-0.898972, 0.217769,-0.032530,-0.378638;;,
      36;4;-0.903808, 0.218795,-0.040511,-0.365538;;,
      37;4;-0.907544, 0.220259,-0.049433,-0.354128;;,
      38;4;-0.909830, 0.222022,-0.058324,-0.345708;;,
      39;4;-0.910569, 0.223918,-0.066344,-0.341062;;,
      40;4;-0.909934, 0.225775,-0.072933,-0.340187;;,
      41;4;-0.908239, 0.227505,-0.077512,-0.342542;;,
      42;4;-0.905883, 0.229011,-0.079708,-0.347241;;,
      43;4;-0.903424, 0.230027,-0.079748,-0.352920;;,
      44;4;-0.901278, 0.230323,-0.077927,-0.358575;;,
      45;4;-0.899664, 0.229635,-0.074908,-0.363677;;,
      46;4;-0.898620, 0.227855,-0.071339,-0.368068;;,
      47;4;-0.898011, 0.225155,-0.067632,-0.371898;;,
      48;4;-0.897610, 0.221937,-0.064050,-0.375416;;,
      49;4;-0.897150, 0.218742,-0.060759,-0.378923;;,
      50;4;-0.896388, 0.216081,-0.057891,-0.382682;;,
      51;4;-0.895179, 0.214267,-0.055601,-0.386849;;,
      52;4;-0.893505, 0.213311,-0.054107,-0.391434;;,
      53;4;-0.891079, 0.213790,-0.053953,-0.396688;;;
    }
    AnimationKey { // Scale
      1;
      54;
      0;3;10.000000,10.000000,10.000001;;,
      1;3;10.000000,10.000000,10.000000;;,
      2;3; 9.999999,10.000000,10.000002;;,
      3;3;10.000000,10.000000,10.000000;;,
      4;3;10.000000,10.000000,10.000000;;,
      5;3;10.000000,10.000000,10.000001;;,
      6;3;10.000000,10.000000,10.000000;;,
      7;3;10.000000,10.000000,10.000000;;,
      8;3;10.000000,10.000000, 9.999999;;,
      9;3;10.000001,10.000001,10.000000;;,
      10;3;10.000000,10.000000,10.000000;;,
      11;3;10.000000,10.000000,10.000001;;,
      12;3;10.000000,10.000000, 9.999999;;,
      13;3;10.000000,10.000000,10.000000;;,
      14;3;10.000000,10.000001,10.000000;;,
      15;3;10.000000,10.000000,10.000000;;,
      16;3;10.000000,10.000000,10.000000;;,
      17;3;10.000000,10.000000,10.000000;;,
      18;3;10.000000,10.000000,10.000000;;,
      19;3;10.000000,10.000000, 9.999999;;,
      20;3;10.000000,10.000000,10.000000;;,
      21;3;10.000000,10.000000,10.000000;;,
      22;3;10.000000,10.000000,10.000000;;,
      23;3;10.000000,10.000000,10.000000;;,
      24;3;10.000000,10.000000, 9.999999;;,
      25;3; 9.999998,10.000000,10.000000;;,
      26;3; 9.999999,10.000000,10.000000;;,
      27;3;10.000000,10.000000,10.000000;;,
      28;3;10.000000,10.000000,10.000000;;,
      29;3;10.000000,10.000000,10.000000;;,
      30;3;10.000000,10.000000,10.000000;;,
      31;3;10.000000,10.000000,10.000000;;,
      32;3;10.000000,10.000000,10.000000;;,
      33;3;10.000000,10.000000,10.000000;;,
      34;3;10.000000,10.000000,10.000000;;,
      35;3;10.000000,10.000000,10.000000;;,
      36;3; 9.999998,10.000000,10.000000;;,
      37;3;10.000000,10.000000,10.000000;;,
      38;3;10.000000,10.000000,10.000000;;,
      39;3;10.000000,10.000000, 9.999998;;,
      40;3;10.000000,10.000000,10.000000;;,
      41;3;10.000000,10.000000,10.000000;;,
      42;3;10.000000,10.000000,10.000000;;,
      43;3;10.000000,10.000000,10.000000;;,
      44;3;10.000000,10.000000,10.000000;;,
      45;3; 9.999999,10.000000,10.000000;;,
      46;3;10.000000,10.000000,10.000000;;,
      47;3;10.000000,10.000000,10.000000;;,
      48;3;10.000000,10.000000,10.000000;;,
      49;3;10.000000,10.000000,10.000000;;,
      50;3;10.000000,10.000000, 9.999998;;,
      51;3;10.000000,10.000000,10.000000;;,
      52;3;10.000000,10.000000,10.000000;;,
      53;3;10.000000,10.000000,10.000000;;;
    }
    AnimationKey { // Position
      2;
      54;
      0;3; 1.810753, 2.340343,-1.166486;;,
      1;3; 1.919672, 2.350998,-1.149142;;,
      2;3; 2.049642, 2.362645,-1.112391;;,
      3;3; 2.186254, 2.379960,-1.062301;;,
      4;3; 2.322157, 2.406073,-0.999814;;,
      5;3; 2.448376, 2.440680,-0.928444;;,
      6;3; 2.553972, 2.482382,-0.852105;;,
      7;3; 2.631899, 2.523626,-0.777117;;,
      8;3; 2.679429, 2.553013,-0.710540;;,
      9;3; 2.697489, 2.555806,-0.660397;;,
      10;3; 2.691197, 2.522216,-0.631376;;,
      11;3; 2.664485, 2.452018,-0.629300;;,
      12;3; 2.626908, 2.340026,-0.654553;;,
      13;3; 2.585561, 2.193161,-0.704610;;,
      14;3; 2.545740, 2.024925,-0.773832;;,
      15;3; 2.514473, 1.853053,-0.858089;;,
      16;3; 2.493553, 1.694146,-0.945686;;,
      17;3; 2.484165, 1.562766,-1.025129;;,
      18;3; 2.483963, 1.471269,-1.092367;;,
      19;3; 2.490342, 1.422382,-1.139155;;,
      20;3; 2.497222, 1.415024,-1.164048;;,
      21;3; 2.496224, 1.447424,-1.170858;;,
      22;3; 2.479555, 1.515889,-1.165951;;,
      23;3; 2.442444, 1.614473,-1.156597;;,
      24;3; 2.383462, 1.735668,-1.148249;;,
      25;3; 2.305691, 1.868909,-1.144350;;,
      26;3; 2.214949, 2.003036,-1.145573;;,
      27;3; 2.118298, 2.128038,-1.151330;;,
      28;3; 2.022121, 2.237370,-1.159834;;,
      29;3; 1.931584, 2.328701,-1.168515;;,
      30;3; 1.851065, 2.403153,-1.174570;;,
      31;3; 1.786001, 2.461353,-1.176754;;,
      32;3; 1.740951, 2.505835,-1.172918;;,
      33;3; 1.719812, 2.537847,-1.162340;;,
      34;3; 1.725759, 2.555488,-1.145020;;,
      35;3; 1.759594, 2.556216,-1.120987;;,
      36;3; 1.818595, 2.538760,-1.089611;;,
      37;3; 1.895820, 2.505204,-1.051067;;,
      38;3; 1.980914, 2.460625,-1.004746;;,
      39;3; 2.064103, 2.411712,-0.955681;;,
      40;3; 2.135768, 2.360419,-0.908893;;,
      41;3; 2.185365, 2.314732,-0.871099;;,
      42;3; 2.203402, 2.284116,-0.846062;;,
      43;3; 2.190704, 2.267065,-0.842016;;,
      44;3; 2.153693, 2.259145,-0.858005;;,
      45;3; 2.100562, 2.255496,-0.888349;;,
      46;3; 2.039347, 2.252169,-0.928114;;,
      47;3; 1.975122, 2.250037,-0.972286;;,
      48;3; 1.914439, 2.250951,-1.018913;;,
      49;3; 1.862346, 2.258216,-1.065066;;,
      50;3; 1.822733, 2.273048,-1.106843;;,
      51;3; 1.798637, 2.293531,-1.140002;;,
      52;3; 1.791350, 2.315835,-1.162113;;,
      53;3; 1.810755, 2.340344,-1.166490;;;
    }
  }
  Animation {
    {Armature_root}
    AnimationKey { // Rotation
      0;
      54;
      0;4;-0.707107, 0.707107, 0.000000, 0.000000;;,
      1;4;-0.707107, 0.707107, 0.000000, 0.000000;;,
      2;4;-0.707107, 0.707107, 0.000000, 0.000000;;,
      3;4;-0.707107, 0.707107, 0.000000, 0.000000;;,
      4;4;-0.707107, 0.707107, 0.000000, 0.000000;;,
      5;4;-0.707107, 0.707107, 0.000000, 0.000000;;,
      6;4;-0.707107, 0.707107, 0.000000, 0.000000;;,
      7;4;-0.707107, 0.707107, 0.000000, 0.000000;;,
      8;4;-0.707107, 0.707107, 0.000000, 0.000000;;,
      9;4;-0.707107, 0.707107, 0.000000, 0.000000;;,
      10;4;-0.707107, 0.707107, 0.000000, 0.000000;;,
      11;4;-0.707107, 0.707107, 0.000000, 0.000000;;,
      12;4;-0.707107, 0.707107, 0.000000, 0.000000;;,
      13;4;-0.707107, 0.707107, 0.000000, 0.000000;;,
      14;4;-0.707107, 0.707107, 0.000000, 0.000000;;,
      15;4;-0.707107, 0.707107, 0.000000, 0.000000;;,
      16;4;-0.707107, 0.707107, 0.000000, 0.000000;;,
      17;4;-0.707107, 0.707107, 0.000000, 0.000000;;,
      18;4;-0.707107, 0.707107, 0.000000, 0.000000;;,
      19;4;-0.707107, 0.707107, 0.000000, 0.000000;;,
      20;4;-0.707107, 0.707107, 0.000000, 0.000000;;,
      21;4;-0.707107, 0.707107, 0.000000, 0.000000;;,
      22;4;-0.707107, 0.707107, 0.000000, 0.000000;;,
      23;4;-0.707107, 0.707107, 0.000000, 0.000000;;,
      24;4;-0.707107, 0.707107, 0.000000, 0.000000;;,
      25;4;-0.707107, 0.707107, 0.000000, 0.000000;;,
      26;4;-0.707107, 0.707107, 0.000000, 0.000000;;,
      27;4;-0.707107, 0.707107, 0.000000, 0.000000;;,
      28;4;-0.707107, 0.707107, 0.000000, 0.000000;;,
      29;4;-0.707107, 0.707107, 0.000000, 0.000000;;,
      30;4;-0.707107, 0.707107, 0.000000, 0.000000;;,
      31;4;-0.707107, 0.707107, 0.000000, 0.000000;;,
      32;4;-0.707107, 0.707107, 0.000000, 0.000000;;,
      33;4;-0.707107, 0.707107, 0.000000, 0.000000;;,
      34;4;-0.707107, 0.707107, 0.000000, 0.000000;;,
      35;4;-0.707107, 0.707107, 0.000000, 0.000000;;,
      36;4;-0.707107, 0.707107, 0.000000, 0.000000;;,
      37;4;-0.707107, 0.707107, 0.000000, 0.000000;;,
      38;4;-0.707107, 0.707107, 0.000000, 0.000000;;,
      39;4;-0.707107, 0.707107, 0.000000, 0.000000;;,
      40;4;-0.707107, 0.707107, 0.000000, 0.000000;;,
      41;4;-0.707107, 0.707107, 0.000000, 0.000000;;,
      42;4;-0.707107, 0.707107, 0.000000, 0.000000;;,
      43;4;-0.707107, 0.707107, 0.000000, 0.000000;;,
      44;4;-0.707107, 0.707107, 0.000000, 0.000000;;,
      45;4;-0.707107, 0.707107, 0.000000, 0.000000;;,
      46;4;-0.707107, 0.707107, 0.000000, 0.000000;;,
      47;4;-0.707107, 0.707107, 0.000000, 0.000000;;,
      48;4;-0.707107, 0.707107, 0.000000, 0.000000;;,
      49;4;-0.707107, 0.707107, 0.000000, 0.000000;;,
      50;4;-0.707107, 0.707107, 0.000000, 0.000000;;,
      51;4;-0.707107, 0.707107, 0.000000, 0.000000;;,
      52;4;-0.707107, 0.707107, 0.000000, 0.000000;;,
      53;4;-0.707107, 0.707107, 0.000000, 0.000000;;;
    }
    AnimationKey { // Scale
      1;
      54;
      0;3; 1.000000, 1.000000, 1.000000;;,
      1;3; 1.000000, 1.000000, 1.000000;;,
      2;3; 1.000000, 1.000000, 1.000000;;,
      3;3; 1.000000, 1.000000, 1.000000;;,
      4;3; 1.000000, 1.000000, 1.000000;;,
      5;3; 1.000000, 1.000000, 1.000000;;,
      6;3; 1.000000, 1.000000, 1.000000;;,
      7;3; 1.000000, 1.000000, 1.000000;;,
      8;3; 1.000000, 1.000000, 1.000000;;,
      9;3; 1.000000, 1.000000, 1.000000;;,
      10;3; 1.000000, 1.000000, 1.000000;;,
      11;3; 1.000000, 1.000000, 1.000000;;,
      12;3; 1.000000, 1.000000, 1.000000;;,
      13;3; 1.000000, 1.000000, 1.000000;;,
      14;3; 1.000000, 1.000000, 1.000000;;,
      15;3; 1.000000, 1.000000, 1.000000;;,
      16;3; 1.000000, 1.000000, 1.000000;;,
      17;3; 1.000000, 1.000000, 1.000000;;,
      18;3; 1.000000, 1.000000, 1.000000;;,
      19;3; 1.000000, 1.000000, 1.000000;;,
      20;3; 1.000000, 1.000000, 1.000000;;,
      21;3; 1.000000, 1.000000, 1.000000;;,
      22;3; 1.000000, 1.000000, 1.000000;;,
      23;3; 1.000000, 1.000000, 1.000000;;,
      24;3; 1.000000, 1.000000, 1.000000;;,
      25;3; 1.000000, 1.000000, 1.000000;;,
      26;3; 1.000000, 1.000000, 1.000000;;,
      27;3; 1.000000, 1.000000, 1.000000;;,
      28;3; 1.000000, 1.000000, 1.000000;;,
      29;3; 1.000000, 1.000000, 1.000000;;,
      30;3; 1.000000, 1.000000, 1.000000;;,
      31;3; 1.000000, 1.000000, 1.000000;;,
      32;3; 1.000000, 1.000000, 1.000000;;,
      33;3; 1.000000, 1.000000, 1.000000;;,
      34;3; 1.000000, 1.000000, 1.000000;;,
      35;3; 1.000000, 1.000000, 1.000000;;,
      36;3; 1.000000, 1.000000, 1.000000;;,
      37;3; 1.000000, 1.000000, 1.000000;;,
      38;3; 1.000000, 1.000000, 1.000000;;,
      39;3; 1.000000, 1.000000, 1.000000;;,
      40;3; 1.000000, 1.000000, 1.000000;;,
      41;3; 1.000000, 1.000000, 1.000000;;,
      42;3; 1.000000, 1.000000, 1.000000;;,
      43;3; 1.000000, 1.000000, 1.000000;;,
      44;3; 1.000000, 1.000000, 1.000000;;,
      45;3; 1.000000, 1.000000, 1.000000;;,
      46;3; 1.000000, 1.000000, 1.000000;;,
      47;3; 1.000000, 1.000000, 1.000000;;,
      48;3; 1.000000, 1.000000, 1.000000;;,
      49;3; 1.000000, 1.000000, 1.000000;;,
      50;3; 1.000000, 1.000000, 1.000000;;,
      51;3; 1.000000, 1.000000, 1.000000;;,
      52;3; 1.000000, 1.000000, 1.000000;;,
      53;3; 1.000000, 1.000000, 1.000000;;;
    }
    AnimationKey { // Position
      2;
      54;
      0;3; 0.000000, 0.000000, 0.000000;;,
      1;3; 0.000000, 0.000000, 0.000000;;,
      2;3; 0.000000, 0.000000, 0.000000;;,
      3;3; 0.000000, 0.000000, 0.000000;;,
      4;3; 0.000000, 0.000000, 0.000000;;,
      5;3; 0.000000, 0.000000, 0.000000;;,
      6;3; 0.000000, 0.000000, 0.000000;;,
      7;3; 0.000000, 0.000000, 0.000000;;,
      8;3; 0.000000, 0.000000, 0.000000;;,
      9;3; 0.000000, 0.000000, 0.000000;;,
      10;3; 0.000000, 0.000000, 0.000000;;,
      11;3; 0.000000, 0.000000, 0.000000;;,
      12;3; 0.000000, 0.000000, 0.000000;;,
      13;3; 0.000000, 0.000000, 0.000000;;,
