xof 0303txt 0032

template XSkinMeshHeader {
  <3cf169ce-ff7c-44ab-93c0-f78f62d172e2>
  WORD nMaxSkinWeightsPerVertex;
  WORD nMaxSkinWeightsPerFace;
  WORD nBones;
}

template SkinWeights {
  <6f0d123b-bad2-4167-a0d0-80224f25fabb>
  STRING transformNodeName;
  DWORD nWeights;
  array DWORD vertexIndices[nWeights];
  array float weights[nWeights];
  Matrix4x4 matrixOffset;
}

Frame Root {
  FrameTransformMatrix {
     1.000000, 0.000000, 0.000000, 0.000000,
     0.000000,-0.000000,-1.000000, 0.000000,
     0.000000, 1.000000,-0.000000, 0.000000,
     0.000000, 0.000000, 0.000000, 1.000000;;
  }
  Frame Armature {
    FrameTransformMatrix {
       9.989480,-0.458096, 0.020592, 0.000000,
       0.457644, 9.987845, 0.182973, 0.000000,
      -0.028948,-0.181838, 9.998304, 0.000000,
       0.228017, 0.018180,-0.326234, 1.000000;;
    }
    Frame Armature_root {
      FrameTransformMatrix {
         1.000000, 0.000000, 0.000000, 0.000000,
         0.000000,-0.000000, 1.000000, 0.000000,
         0.000000,-1.000000,-0.000000, 0.000000,
         0.000000, 0.000000, 0.000000, 1.000000;;
      }
      Frame Armature_Hips {
        FrameTransformMatrix {
           1.000000, 0.000000, 0.000000, 0.000000,
           0.000000, 0.990095, 0.140398, 0.000000,
           0.000000,-0.140398, 0.990095, 0.000000,
           0.000000, 0.672200, 0.000000, 1.000000;;
        }
        Frame Armature_Spine {
          FrameTransformMatrix {
             0.998776,-0.036450,-0.033446, 0.000000,
             0.037408, 0.114074, 0.992768, 0.000000,
            -0.032371,-0.992803, 0.115298, 0.000000,
             0.000000, 0.097600, 0.000000, 1.000000;;
          }
          Frame Armature_Belt_001 {
            FrameTransformMatrix {
              -0.961504,-0.063770, 0.267288, 0.000000,
               0.261278, 0.089109, 0.961142, 0.000000,
              -0.085109, 0.993978,-0.069017, 0.000000,
               0.058100, 0.073000, 0.018400, 1.000000;;
            }
            Frame Armature_Belt_002 {
              FrameTransformMatrix {
                 0.994168,-0.107833, 0.001505, 0.000000,
                 0.107843, 0.994051,-0.015255, 0.000000,
                 0.000149, 0.015329, 0.999882, 0.000000,
                 0.000000, 0.195300,-0.000000, 1.000000;;
              }
              Frame Armature_Belt_003 {
                FrameTransformMatrix {
                   0.992755,-0.071919, 0.096261, 0.000000,
                   0.075793, 0.996429,-0.037211, 0.000000,
                  -0.093241, 0.044238, 0.994660, 0.000000,
                   0.000000, 0.124400,-0.000000, 1.000000;;
                }
              } // End of Armature_Belt_003
            } // End of Armature_Belt_002
          } // End of Armature_Belt_001
          Frame Armature_Chest {
            FrameTransformMatrix {
               0.996166,-0.073732, 0.047078, 0.000000,
               0.038003,-0.119987,-0.992048, 0.000000,
               0.078795, 0.990034,-0.116725, 0.000000,
              -0.000000, 0.000000,-0.074000, 1.000000;;
            }
            Frame Armature_Neck {
              FrameTransformMatrix {
                 0.999930, 0.010828, 0.004775, 0.000000,
                -0.011253, 0.994890, 0.100339, 0.000000,
                -0.003665,-0.100386, 0.994942, 0.000000,
                 0.000000, 0.172600, 0.000000, 1.000000;;
              }
              Frame Armature_Head {
                FrameTransformMatrix {
                   0.999930, 0.011217, 0.003773, 0.000000,
                  -0.011563, 0.993918, 0.109516, 0.000000,
                  -0.002522,-0.109552, 0.993978, 0.000000,
                   0.000000, 0.058100,-0.000000, 1.000000;;
                }
                Frame Armature_Bang_L {
                  FrameTransformMatrix {
                    -0.820339,-0.057161,-0.569014, 0.000000,
                     0.000004,-0.994993, 0.099947, 0.000000,
                    -0.571866, 0.081985, 0.816215, 0.000000,
                     0.046900, 0.160400, 0.097500, 1.000000;;
                  }
                } // End of Armature_Bang_L
                Frame Armature_Bang_R {
                  FrameTransformMatrix {
                    -0.820339, 0.057161, 0.569014, 0.000000,
                    -0.000004,-0.994993, 0.099947, 0.000000,
                     0.571866, 0.081985, 0.816215, 0.000000,
                    -0.046900, 0.160400, 0.097500, 1.000000;;
                  }
                } // End of Armature_Bang_R
                Frame Armature_HairSide_L {
                  FrameTransformMatrix {
                    -0.900010, 0.003827,-0.435849, 0.000000,
                    -0.069010,-0.988599, 0.133822, 0.000000,
                    -0.430371, 0.150518, 0.890010, 0.000000,
                     0.097000, 0.155100, 0.067600, 1.000000;;
                  }
                } // End of Armature_HairSide_L
                Frame Armature_HairSide_R {
                  FrameTransformMatrix {
                    -0.900010,-0.003827, 0.435849, 0.000000,
                     0.069010,-0.988599, 0.133822, 0.000000,
                     0.430371, 0.150518, 0.890010, 0.000000,
                    -0.097000, 0.155100, 0.067600, 1.000000;;
                  }
                } // End of Armature_HairSide_R
                Frame Armature_Left_Eye {
                  FrameTransformMatrix {
                     0.984273, 0.000965,-0.176650, 0.000000,
                     0.174547, 0.148653, 0.973363, 0.000000,
                     0.027199,-0.988889, 0.146147, 0.000000,
                     0.031400, 0.076700, 0.040900, 1.000000;;
                  }
                } // End of Armature_Left_Eye
                Frame Armature_Right_Eye {
                  FrameTransformMatrix {
                     0.984273,-0.000965, 0.176650, 0.000000,
                    -0.174547, 0.148653, 0.973363, 0.000000,
                    -0.027199,-0.988889, 0.146147, 0.000000,
                    -0.031400, 0.076700, 0.040900, 1.000000;;
                  }
                } // End of Armature_Right_Eye
                Frame Armature_Ring {
                  FrameTransformMatrix {
                     1.000000, 0.000000,-0.000000, 0.000000,
                     0.000000, 0.994993,-0.099943, 0.000000,
                     0.000000, 0.099943, 0.994993, 0.000000,
                     0.000000, 0.254900,-0.008400, 1.000000;;
                  }
                } // End of Armature_Ring
              } // End of Armature_Head
              Frame Armature_Hood {
                FrameTransformMatrix {
                   1.000000, 0.000000,-0.000000, 0.000000,
                   0.000000,-0.602876,-0.797835, 0.000000,
                   0.000000, 0.797835,-0.602876, 0.000000,
                  -0.000000, 0.042500,-0.040500, 1.000000;;
                }
              } // End of Armature_Hood
            } // End of Armature_Neck
            Frame Armature_Shoulder_L {
              FrameTransformMatrix {
                -0.124180,-0.984120,-0.126834, 0.000000,
                 0.953418,-0.153754, 0.259527, 0.000000,
                -0.274907,-0.088698, 0.957371, 0.000000,
                 0.000000, 0.172600, 0.000000, 1.000000;;
              }
              Frame Armature_UpperArm_L {
                FrameTransformMatrix {
                   0.532015,-0.825044, 0.190427, 0.000000,
                   0.824633, 0.453806,-0.337700, 0.000000,
                   0.192201, 0.336694, 0.921790, 0.000000,
                   0.000000, 0.071700,-0.000000, 1.000000;;
                }
                Frame Armature_LowerArm_L {
                  FrameTransformMatrix {
                     0.946692, 0.111777,-0.302127, 0.000000,
                     0.052954, 0.871116, 0.488214, 0.000000,
                     0.317759,-0.478187, 0.818759, 0.000000,
                    -0.000000, 0.204719, 0.000000, 1.000000;;
                  }
                  Frame Armature_Hand_L {
                    FrameTransformMatrix {
                       0.905697,-0.082370,-0.415847, 0.000000,
                      -0.056918, 0.948432,-0.311830, 0.000000,
                       0.420088, 0.306092, 0.854303, 0.000000,
                      -0.000000, 0.180900, 0.000000, 1.000000;;
                    }
                    Frame Armature_Index_Proximal_L {
                      FrameTransformMatrix {
                         0.800839,-0.585414,-0.126288, 0.000000,
                         0.594532, 0.751779, 0.285238, 0.000000,
                        -0.072042,-0.303512, 0.950100, 0.000000,
                        -0.002001, 0.072300, 0.029249, 1.000000;;
                      }
                      Frame Armature_Index_Intermediate_L {
                        FrameTransformMatrix {
                           0.431174,-0.901158,-0.044758, 0.000000,
                           0.898675, 0.424505, 0.110358, 0.000000,
                          -0.080450,-0.087807, 0.992884, 0.000000,
                           0.000000, 0.020300,-0.000000, 1.000000;;
                        }
                        Frame Armature_Index_Distal_L {
                          FrameTransformMatrix {
                             0.857810,-0.513932,-0.006051, 0.000000,
                             0.513899, 0.857828,-0.006152, 0.000000,
                             0.008352, 0.002168, 0.999963, 0.000000,
                             0.000000, 0.019500, 0.000000, 1.000000;;
                          }
                        } // End of Armature_Index_Distal_L
                      } // End of Armature_Index_Intermediate_L
                    } // End of Armature_Index_Proximal_L
                    Frame Armature_Little_Proximal_L {
                      FrameTransformMatrix {
                         0.322902,-0.946389, 0.009086, 0.000000,
                         0.895497, 0.308617, 0.320686, 0.000000,
                        -0.306298,-0.095413, 0.947142, 0.000000,
                         0.001156, 0.068300,-0.019172, 1.000000;;
                      }
                      Frame Armature_Little_Intermediate_L {
                        FrameTransformMatrix {
                           0.202441,-0.972019,-0.119149, 0.000000,
                           0.978365, 0.195447, 0.067842, 0.000000,
                          -0.042657,-0.130305, 0.990556, 0.000000,
                          -0.000000, 0.018400,-0.000000, 1.000000;;
                        }
                        Frame Armature_Little_Distal_L {
                          FrameTransformMatrix {
                             0.978410,-0.206661,-0.002173, 0.000000,
                             0.206655, 0.978411,-0.002405, 0.000000,
                             0.002623, 0.001904, 0.999995, 0.000000,
                             0.000000, 0.018500, 0.000000, 1.000000;;
                          }
                        } // End of Armature_Little_Distal_L
                      } // End of Armature_Little_Intermediate_L
                    } // End of Armature_Little_Proximal_L
                    Frame Armature_Middle_Proximal_L {
                      FrameTransformMatrix {
                         0.547697,-0.816297,-0.183543, 0.000000,
                         0.815284, 0.471403, 0.336290, 0.000000,
                        -0.187989,-0.333824, 0.923700, 0.000000,
                        -0.001664, 0.074600, 0.013551, 1.000000;;
                      }
                      Frame Armature_Middle_Intermediate_L {
                        FrameTransformMatrix {
                           0.099292,-0.988844,-0.111031, 0.000000,
                           0.987133, 0.083830, 0.136169, 0.000000,
                          -0.125342,-0.123123, 0.984444, 0.000000,
                          -0.000000, 0.021800,-0.000000, 1.000000;;
                        }
                        Frame Armature_Middle_Distal_L {
                          FrameTransformMatrix {
                             0.929744,-0.368181,-0.004456, 0.000000,
                             0.368163, 0.929751,-0.004285, 0.000000,
                             0.005720, 0.002343, 0.999981, 0.000000,
                            -0.000000, 0.019600,-0.000000, 1.000000;;
                          }
                        } // End of Armature_Middle_Distal_L
                      } // End of Armature_Middle_Intermediate_L
                    } // End of Armature_Middle_Proximal_L
                    Frame Armature_Ring_Proximal_L {
                      FrameTransformMatrix {
                         0.498766,-0.866251,-0.029028, 0.000000,
                         0.830579, 0.468117, 0.301672, 0.000000,
                        -0.247735,-0.174573, 0.952970, 0.000000,
                         0.000120, 0.073700,-0.003498, 1.000000;;
                      }
                      Frame Armature_Ring_Intermediate_L {
                        FrameTransformMatrix {
                           0.045100,-0.994265,-0.096964, 0.000000,
                           0.995615, 0.036773, 0.086009, 0.000000,
                          -0.081950,-0.100418, 0.991564, 0.000000,
                           0.000000, 0.022300,-0.000000, 1.000000;;
                        }
                        Frame Armature_Ring_Distal_L {
                          FrameTransformMatrix {
                             0.900798,-0.434214,-0.004675, 0.000000,
                             0.434192, 0.900806,-0.005053, 0.000000,
                             0.006406, 0.002522, 0.999976, 0.000000,
                            -0.000000, 0.017900, 0.000000, 1.000000;;
                          }
                        } // End of Armature_Ring_Distal_L
                      } // End of Armature_Ring_Intermediate_L
                    } // End of Armature_Ring_Proximal_L
                    Frame Armature_Thumb_Proximal_L {
                      FrameTransformMatrix {
                         0.793947,-0.605426, 0.055752, 0.000000,
                         0.486253, 0.687351, 0.539543, 0.000000,
                        -0.364975,-0.401259, 0.840110, 0.000000,
                         0.017498, 0.053600, 0.044224, 1.000000;;
                      }
                      Frame Armature_Thumb_Intermediate_L {
                        FrameTransformMatrix {
                           0.999598, 0.025827, 0.011710, 0.000000,
                          -0.024122, 0.991519,-0.127703, 0.000000,
                          -0.014909, 0.127369, 0.991743, 0.000000,
                          -0.000000, 0.013000, 0.000000, 1.000000;;
                        }
                        Frame Armature_Thumb_Distal_L {
                          FrameTransformMatrix {
                             0.999039, 0.024030,-0.036653, 0.000000,
                            -0.027756, 0.994108,-0.104783, 0.000000,
                             0.033919, 0.105700, 0.993819, 0.000000,
                            -0.000000, 0.012200,-0.000000, 1.000000;;
                          }
                        } // End of Armature_Thumb_Distal_L
                      } // End of Armature_Thumb_Intermediate_L
                    } // End of Armature_Thumb_Proximal_L
                  } // End of Armature_Hand_L
                } // End of Armature_LowerArm_L
              } // End of Armature_UpperArm_L
            } // End of Armature_Shoulder_L
            Frame Armature_Shoulder_R {
              FrameTransformMatrix {
                -0.048368, 0.991015, 0.124698, 0.000000,
                -0.988692,-0.065245, 0.135025, 0.000000,
                 0.141948,-0.116757, 0.982964, 0.000000,
                 0.000000, 0.172600, 0.000000, 1.000000;;
              }
              Frame Armature_UpperArm_R {
                FrameTransformMatrix {
                   0.435155, 0.899982, 0.025926, 0.000000,
                  -0.897219, 0.435861,-0.070877, 0.000000,
                  -0.075088, 0.007582, 0.997148, 0.000000,
                  -0.000000, 0.071700,-0.000000, 1.000000;;
                }
                Frame Armature_LowerArm_R {
                  FrameTransformMatrix {
                     0.938811,-0.316731, 0.135335, 0.000000,
                     0.121543, 0.672287, 0.730245, 0.000000,
                    -0.322275,-0.669113, 0.669647, 0.000000,
                    -0.000000, 0.203826, 0.000000, 1.000000;;
                  }
                  Frame Armature_Hand_R {
                    FrameTransformMatrix {
                       0.906363,-0.350878, 0.235350, 0.000000,
                       0.344544, 0.936236, 0.068932, 0.000000,
                      -0.244530, 0.018611, 0.969463, 0.000000,
                       0.000000, 0.180900,-0.000000, 1.000000;;
                    }
                    Frame Armature_Index_Proximal_R {
                      FrameTransformMatrix {
                         0.624804, 0.777005, 0.076705, 0.000000,
                        -0.771480, 0.599254, 0.213808, 0.000000,
                         0.120165,-0.192764, 0.973859, 0.000000,
                         0.002953, 0.072300, 0.029168, 1.000000;;
                      }
                      Frame Armature_Index_Intermediate_R {
                        FrameTransformMatrix {
                           0.223025, 0.974335, 0.030504, 0.000000,
                          -0.967107, 0.217226, 0.132350, 0.000000,
                           0.122327,-0.059018, 0.990733, 0.000000,
                          -0.000000, 0.020300, 0.000000, 1.000000;;
                        }
                        Frame Armature_Index_Distal_R {
                          FrameTransformMatrix {
                             0.857853, 0.513846, 0.007109, 0.000000,
                            -0.513889, 0.857830, 0.006827, 0.000000,
                            -0.002591,-0.009510, 0.999951, 0.000000,
                             0.000000, 0.019500,-0.000000, 1.000000;;
                          }
                        } // End of Armature_Index_Distal_R
                      } // End of Armature_Index_Intermediate_R
                    } // End of Armature_Index_Proximal_R
                    Frame Armature_Little_Proximal_R {
                      FrameTransformMatrix {
                         0.610158, 0.773098, 0.173282, 0.000000,
                        -0.780770, 0.549591, 0.297233, 0.000000,
                         0.134556,-0.316653, 0.938949, 0.000000,
                        -0.001780, 0.068300,-0.019124, 1.000000;;
                      }
                      Frame Armature_Little_Intermediate_R {
                        FrameTransformMatrix {
                          -0.119180, 0.969774, 0.212922, 0.000000,
                          -0.988418,-0.136177, 0.066977, 0.000000,
                           0.093948,-0.202473, 0.974771, 0.000000,
                          -0.000000, 0.018400, 0.000000, 1.000000;;
                        }
                        Frame Armature_Little_Distal_R {
                          FrameTransformMatrix {
                             0.978414, 0.206641, 0.002542, 0.000000,
                            -0.206648, 0.978411, 0.002814, 0.000000,
                            -0.001905,-0.003278, 0.999993, 0.000000,
                             0.000000, 0.018500,-0.000000, 1.000000;;
                          }
                        } // End of Armature_Little_Distal_R
                      } // End of Armature_Little_Intermediate_R
                    } // End of Armature_Little_Proximal_R
                    Frame Armature_Middle_Proximal_R {
                      FrameTransformMatrix {
                         0.515768, 0.852004, 0.089848, 0.000000,
                        -0.840277, 0.482621, 0.247002, 0.000000,
                         0.167085,-0.202893, 0.964840, 0.000000,
                         0.002105, 0.074600, 0.013490, 1.000000;;
                      }
                      Frame Armature_Middle_Intermediate_R {
                        FrameTransformMatrix {
                           0.122305, 0.991464, 0.045169, 0.000000,
                          -0.981202, 0.113943, 0.155756, 0.000000,
                           0.149279,-0.063369, 0.986762, 0.000000,
                          -0.000000, 0.021800, 0.000000, 1.000000;;
                        }
                        Frame Armature_Middle_Distal_R {
                          FrameTransformMatrix {
                             0.929760, 0.368129, 0.005213, 0.000000,
                            -0.368154, 0.929751, 0.005013, 0.000000,
                            -0.003002,-0.006581, 0.999974, 0.000000,
                            -0.000000, 0.019600, 0.000000, 1.000000;;
                          }
                        } // End of Armature_Middle_Distal_R
                      } // End of Armature_Middle_Intermediate_R
                    } // End of Armature_Middle_Proximal_R
                    Frame Armature_Ring_Proximal_R {
                      FrameTransformMatrix {
                         0.553581, 0.819674, 0.147247, 0.000000,
                        -0.821425, 0.508303, 0.258630, 0.000000,
                         0.137146,-0.264125, 0.954688, 0.000000,
                        -0.000233, 0.073700,-0.003492, 1.000000;;
                      }
                      Frame Armature_Ring_Intermediate_R {
                        FrameTransformMatrix {
                          -0.014209, 0.990156, 0.139246, 0.000000,
                          -0.995753,-0.026681, 0.088115, 0.000000,
                           0.090962,-0.137403, 0.986330, 0.000000,
                          -0.000000, 0.022300,-0.000000, 1.000000;;
                        }
                        Frame Armature_Ring_Distal_R {
                          FrameTransformMatrix {
                             0.900824, 0.434150, 0.005468, 0.000000,
                            -0.434178, 0.900808, 0.005913, 0.000000,
                            -0.002359,-0.007700, 0.999968, 0.000000,
                            -0.000000, 0.017900, 0.000000, 1.000000;;
                          }
                        } // End of Armature_Ring_Distal_R
                      } // End of Armature_Ring_Intermediate_R
                    } // End of Armature_Ring_Proximal_R
                    Frame Armature_Thumb_Proximal_R {
                      FrameTransformMatrix {
                         0.841660, 0.522204,-0.137521, 0.000000,
                        -0.350356, 0.721854, 0.596806, 0.000000,
                         0.410925,-0.454127, 0.790513, 0.000000,
                        -0.016048, 0.053600, 0.044771, 1.000000;;
                      }
                      Frame Armature_Thumb_Intermediate_R {
                        FrameTransformMatrix {
                           0.903773, 0.215078, 0.370047, 0.000000,
                          -0.124134, 0.959129,-0.254287, 0.000000,
                          -0.409615, 0.183882, 0.893534, 0.000000,
                           0.000000, 0.013000, 0.000000, 1.000000;;
                        }
                        Frame Armature_Thumb_Distal_R {
                          FrameTransformMatrix {
                             0.998843,-0.023393, 0.042012, 0.000000,
                             0.027690, 0.994108,-0.104800, 0.000000,
                            -0.039313, 0.105842, 0.993606, 0.000000,
                             0.000000, 0.012200,-0.000000, 1.000000;;
                          }
                        } // End of Armature_Thumb_Distal_R
                      } // End of Armature_Thumb_Intermediate_R
                    } // End of Armature_Thumb_Proximal_R
                  } // End of Armature_Hand_R
                } // End of Armature_LowerArm_R
              } // End of Armature_UpperArm_R
            } // End of Armature_Shoulder_R
          } // End of Armature_Chest
        } // End of Armature_Spine
        Frame Armature_UpperLeg_L {
          FrameTransformMatrix {
            -0.994568, 0.058826, 0.085868, 0.000000,
            -0.001132,-0.831039, 0.556214, 0.000000,
             0.104079, 0.553095, 0.826596, 0.000000,
             0.055900,-0.012100, 0.001700, 1.000000;;
          }
          Frame Armature_LowerLeg_L {
            FrameTransformMatrix {
               0.997270,-0.032037,-0.066525, 0.000000,
              -0.012989, 0.810798,-0.585182, 0.000000,
               0.072686, 0.584448, 0.808169, 0.000000,
               0.000000, 0.279900,-0.000000, 1.000000;;
            }
            Frame Armature_Foot_L {
              FrameTransformMatrix {
                 1.000000,-0.000001,-0.000002, 0.000000,
                 0.000002, 0.752218, 0.658915, 0.000000,
                 0.000000,-0.658915, 0.752218, 0.000000,
                 0.000000, 0.284500,-0.000000, 1.000000;;
              }
            } // End of Armature_Foot_L
          } // End of Armature_LowerLeg_L
        } // End of Armature_UpperLeg_L
        Frame Armature_UpperLeg_R {
          FrameTransformMatrix {
            -0.984958, 0.033373,-0.169542, 0.000000,
            -0.071610,-0.971786, 0.224732, 0.000000,
            -0.157258, 0.233493, 0.959562, 0.000000,
            -0.055900,-0.012100, 0.001700, 1.000000;;
          }
          Frame Armature_LowerLeg_R {
            FrameTransformMatrix {
               0.999075,-0.042583, 0.006064, 0.000000,
               0.030618, 0.605058,-0.795593, 0.000000,
               0.030210, 0.795042, 0.605802, 0.000000,
              -0.000000, 0.279900, 0.000000, 1.000000;;
            }
            Frame Armature_Foot_R {
              FrameTransformMatrix {
                 1.000000, 0.000001, 0.000002, 0.000000,
                -0.000002, 0.752218, 0.658915, 0.000000,
                -0.000000,-0.658915, 0.752218, 0.000000,
                 0.000000, 0.284500, 0.000000, 1.000000;;
              }
            } // End of Armature_Foot_R
          } // End of Armature_LowerLeg_R
        } // End of Armature_UpperLeg_R
      } // End of Armature_Hips
    } // End of Armature_root
  } // End of Armature
} // End of Root
AnimationSet Global {
  Animation {
    {Armature}
    AnimationKey { // Rotation
      0;
      62;
      0;4;-0.999543, 0.008496, 0.016534, 0.023856;;,
      1;4;-0.999684, 0.008771, 0.015561, 0.017667;;,
      2;4;-0.999770, 0.008713, 0.015537, 0.011904;;,
      3;4;-0.999815, 0.008374, 0.016008, 0.006598;;,
      4;4;-0.999828, 0.007727, 0.016729, 0.002004;;,
      5;4;-0.999823, 0.006875, 0.017434,-0.001762;;,
      6;4;-0.999808, 0.006030, 0.018005,-0.004795;;,
      7;4;-0.999793, 0.005429, 0.018214,-0.007331;;,
      8;4;-0.999776, 0.005242, 0.018077,-0.009695;;,
      9;4;-0.999752, 0.005503, 0.017780,-0.012195;;,
      10;4;-0.999717, 0.006088, 0.017445,-0.015000;;,
      11;4;-0.999666, 0.006754, 0.017170,-0.018114;;,
      12;4;-0.999600, 0.007224, 0.017026,-0.021404;;,
      13;4;-0.999526, 0.007316, 0.016919,-0.024661;;,
      14;4;-0.999454, 0.007052, 0.016672,-0.027645;;,
      15;4;-0.999391, 0.006699, 0.016086,-0.030219;;,
      16;4;-0.999344, 0.006675, 0.015076,-0.032235;;,
      17;4;-0.999322, 0.007333, 0.013091,-0.033608;;,
      18;4;-0.999314, 0.008795, 0.010514,-0.034411;;,
      19;4;-0.999317, 0.010806, 0.007547,-0.034528;;,
      20;4;-0.999335, 0.012818, 0.004575,-0.033825;;,
      21;4;-0.999374, 0.014203, 0.001351,-0.032372;;,
      22;4;-0.999428, 0.014587,-0.001085,-0.030492;;,
      23;4;-0.999490, 0.013925,-0.002755,-0.028598;;,
      24;4;-0.999559, 0.012504,-0.003378,-0.026737;;,
      25;4;-0.999627, 0.010764,-0.002845,-0.024958;;,
      26;4;-0.999695, 0.009123,-0.001239,-0.022900;;,
      27;4;-0.999769, 0.007890, 0.001278,-0.019957;;,
      28;4;-0.999843, 0.007250, 0.004409,-0.015575;;,
      29;4;-0.999899, 0.007285, 0.007654,-0.009495;;,
      30;4;-0.999914, 0.007984, 0.010281,-0.001886;;,
      31;4;-0.999866, 0.009240, 0.011751, 0.006682;;,
      32;4;-0.999754, 0.010853, 0.011698, 0.015415;;,
      33;4;-0.999593, 0.012566, 0.010100, 0.023533;;,
      34;4;-0.999409, 0.014113, 0.007484, 0.030447;;,
      35;4;-0.999230, 0.015300, 0.004279, 0.035863;;,
      36;4;-0.999076, 0.016048, 0.000950, 0.039849;;,
      37;4;-0.998949, 0.016402,-0.002207, 0.042743;;,
      38;4;-0.998837, 0.016498,-0.005050, 0.045031;;,
      39;4;-0.998719, 0.016504,-0.007528, 0.047235;;,
      40;4;-0.998577, 0.016573,-0.009645, 0.049754;;,
      41;4;-0.998403, 0.016800,-0.011307, 0.052747;;,
      42;4;-0.998188, 0.017228,-0.012559, 0.056266;;,
      43;4;-0.997948, 0.017846,-0.013149, 0.060069;;,
      44;4;-0.997703, 0.018641,-0.012896, 0.063836;;,
      45;4;-0.997478, 0.019645,-0.011773, 0.067177;;,
      46;4;-0.997308, 0.020910,-0.009644, 0.069617;;,
      47;4;-0.997221, 0.022479,-0.006520, 0.070726;;,
      48;4;-0.997227, 0.024303,-0.002571, 0.070299;;,
      49;4;-0.997282, 0.026140, 0.002382, 0.068848;;,
      50;4;-0.997380, 0.027656, 0.007595, 0.066407;;,
      51;4;-0.997470, 0.028417, 0.012782, 0.063889;;,
      52;4;-0.997527, 0.028065, 0.017845, 0.061915;;,
      53;4;-0.997539, 0.026468, 0.022801, 0.060784;;,
      54;4;-0.997606, 0.023856, 0.026072, 0.059447;;,
      55;4;-0.997746, 0.020637, 0.027348, 0.057702;;,
      56;4;-0.997970, 0.017291, 0.026927, 0.055064;;,
      57;4;-0.998264, 0.014246, 0.025403, 0.051197;;,
      58;4;-0.998610, 0.011801, 0.022979, 0.045936;;,
      59;4;-0.998957, 0.010037, 0.020565, 0.039509;;,
      60;4;-0.999279, 0.008905, 0.018091, 0.032172;;,
      61;4;-0.999543, 0.008496, 0.016534, 0.023856;;;
    }
    AnimationKey { // Scale
      1;
      62;
      0;3;10.000000,10.000000,10.000000;;,
      1;3;10.000000,10.000000,10.000000;;,
      2;3;10.000000,10.000000,10.000000;;,
      3;3;10.000000,10.000000,10.000002;;,
      4;3;10.000000,10.000000,10.000000;;,
      5;3;10.000000,10.000000,10.000000;;,
      6;3;10.000000,10.000000,10.000000;;,
      7;3;10.000000,10.000000,10.000000;;,
      8;3;10.000000, 9.999999,10.000000;;,
      9;3;10.000000,10.000000,10.000000;;,
      10;3;10.000000,10.000000,10.000000;;,
      11;3;10.000000,10.000000,10.000000;;,
      12;3;10.000000,10.000000,10.000000;;,
      13;3;10.000000, 9.999998,10.000000;;,
      14;3; 9.999998,10.000000,10.000000;;,
      15;3; 9.999999,10.000000,10.000000;;,
      16;3;10.000000,10.000000,10.000000;;,
      17;3;10.000000, 9.999998,10.000000;;,
      18;3;10.000000,10.000000, 9.999998;;,
      19;3;10.000002,10.000000,10.000000;;,
      20;3;10.000000,10.000000,10.000000;;,
      21;3;10.000000,10.000000,10.000000;;,
      22;3; 9.999998,10.000000, 9.999999;;,
      23;3;10.000000,10.000000,10.000000;;,
      24;3;10.000000,10.000000,10.000000;;,
      25;3;10.000001,10.000001,10.000000;;,
      26;3;10.000000, 9.999998,10.000000;;,
      27;3;10.000000,10.000000,10.000000;;,
      28;3;10.000000,10.000000,10.000000;;,
      29;3;10.000000, 9.999998,10.000000;;,
      30;3;10.000000,10.000000,10.000000;;,
      31;3;10.000000,10.000000,10.000002;;,
      32;3;10.000000,10.000000,10.000000;;,
      33;3;10.000000,10.000000,10.000000;;,
      34;3;10.000000,10.000000,10.000000;;,
      35;3;10.000000,10.000000,10.000000;;,
      36;3;10.000000,10.000001,10.000002;;,
      37;3;10.000000,10.000000,10.000000;;,
      38;3;10.000002,10.000002,10.000000;;,
      39;3;10.000000,10.000001,10.000000;;,
      40;3;10.000000,10.000000,10.000000;;,
      41;3;10.000000,10.000000,10.000000;;,
      42;3;10.000000,10.000000,10.000000;;,
      43;3;10.000000,10.000000,10.000000;;,
      44;3;10.000000,10.000000,10.000000;;,
      45;3;10.000000,10.000000,10.000000;;,
      46;3;10.000002,10.000000,10.000000;;,
      47;3;10.000000,10.000000,10.000000;;,
      48;3;10.000000,10.000000,10.000000;;,
      49;3;10.000000,10.000000,10.000000;;,
      50;3;10.000001,10.000000,10.000000;;,
      51;3;10.000000,10.000000,10.000000;;,
      52;3;10.000000,10.000000,10.000000;;,
      53;3; 9.999998,10.000000,10.000000;;,
      54;3;10.000000,10.000000,10.000000;;,
      55;3;10.000000,10.000000,10.000000;;,
      56;3;10.000000,10.000000,10.000000;;,
      57;3;10.000000,10.000000,10.000000;;,
      58;3;10.000000,10.000000,10.000000;;,
      59;3;10.000000,10.000000,10.000000;;,
      60;3;10.000000,10.000000,10.000002;;,
      61;3;10.000000,10.000000,10.000000;;;
    }
    AnimationKey { // Position
      2;
      62;
      0;3;-0.252203, 0.087202,-0.121952;;,
      1;3;-0.241692, 0.107599,-0.098469;;,
      2;3;-0.245181, 0.120823,-0.079719;;,
      3;3;-0.254730, 0.134273,-0.073604;;,
      4;3;-0.266567, 0.143269,-0.076753;;,
      5;3;-0.277075, 0.139919,-0.088879;;,
      6;3;-0.285118, 0.140200,-0.109605;;,
      7;3;-0.289220, 0.149649,-0.136121;;,
      8;3;-0.286341, 0.159572,-0.166843;;,
      9;3;-0.281233, 0.178887,-0.200109;;,
      10;3;-0.272578, 0.202283,-0.234371;;,
      11;3;-0.263979, 0.219226,-0.268142;;,
      12;3;-0.254309, 0.233251,-0.305040;;,
      13;3;-0.243990, 0.230745,-0.343258;;,
      14;3;-0.227962, 0.201925,-0.387654;;,
      15;3;-0.202627, 0.160988,-0.434956;;,
      16;3;-0.167240, 0.123785,-0.477112;;,
      17;3;-0.121464, 0.085968,-0.506700;;,
      18;3;-0.067870, 0.075189,-0.526440;;,
      19;3;-0.007119, 0.076237,-0.538546;;,
      20;3; 0.055568, 0.074965,-0.543231;;,
      21;3; 0.117889, 0.079538,-0.538899;;,
      22;3; 0.167612, 0.084034,-0.524987;;,
      23;3; 0.207064, 0.069451,-0.489395;;,
      24;3; 0.234103, 0.057506,-0.443771;;,
      25;3; 0.241198, 0.040163,-0.388423;;,
      26;3; 0.228017, 0.018180,-0.326234;;,
      27;3; 0.201469, 0.015141,-0.268328;;,
      28;3; 0.165698, 0.019208,-0.211247;;,
      29;3; 0.127438, 0.022038,-0.154323;;,
      30;3; 0.096479, 0.047238,-0.110493;;,
      31;3; 0.079986, 0.087656,-0.077744;;,
      32;3; 0.082916, 0.129245,-0.053713;;,
      33;3; 0.105818, 0.180941,-0.050152;;,
      34;3; 0.142027, 0.230425,-0.057886;;,
      35;3; 0.186408, 0.260997,-0.077968;;,
      36;3; 0.233018, 0.291331,-0.107681;;,
      37;3; 0.278122, 0.312357,-0.144978;;,
      38;3; 0.318560, 0.323087,-0.186869;;,
      39;3; 0.352045, 0.338068,-0.228468;;,
      40;3; 0.379316, 0.352618,-0.271593;;,
      41;3; 0.399406, 0.356937,-0.323076;;,
      42;3; 0.411637, 0.370987,-0.368300;;,
      43;3; 0.411671, 0.379863,-0.414671;;,
      44;3; 0.393839, 0.374764,-0.461043;;,
      45;3; 0.359789, 0.367452,-0.499054;;,
      46;3; 0.311152, 0.358268,-0.528807;;,
      47;3; 0.245495, 0.342473,-0.544002;;,
      48;3; 0.168120, 0.341589,-0.553280;;,
      49;3; 0.077301, 0.351602,-0.553578;;,
      50;3;-0.015931, 0.350572,-0.539343;;,
      51;3;-0.105398, 0.352855,-0.511693;;,
      52;3;-0.197409, 0.346305,-0.479527;;,
      53;3;-0.285303, 0.320033,-0.443319;;,
      54;3;-0.344550, 0.290442,-0.405126;;,
      55;3;-0.370895, 0.246001,-0.358800;;,
      56;3;-0.372779, 0.189597,-0.309437;;,
      57;3;-0.356850, 0.146914,-0.264028;;,
      58;3;-0.328753, 0.114031,-0.220969;;,
      59;3;-0.299888, 0.084709,-0.181217;;,
      60;3;-0.268654, 0.078995,-0.145470;;,
      61;3;-0.252204, 0.087202,-0.121952;;;
    }
  }
  Animation {
    {Armature_root}
    AnimationKey { // Rotation
      0;
      62;
      0;4;-0.707107, 0.707107, 0.000000, 0.000000;;,
      1;4;-0.707107, 0.707107, 0.000000, 0.000000;;,
      2;4;-0.707107, 0.707107, 0.000000, 0.000000;;,
      3;4;-0.707107, 0.707107, 0.000000, 0.000000;;,
      4;4;-0.707107, 0.707107, 0.000000, 0.000000;;,
      5;4;-0.707107, 0.707107, 0.000000, 0.000000;;,
      6;4;-0.707107, 0.707107, 0.000000, 0.000000;;,
      7;4;-0.707107, 0.707107, 0.000000, 0.000000;;,
      8;4;-0.707107, 0.707107, 0.000000, 0.000000;;,
      9;4;-0.707107, 0.707107, 0.000000, 0.000000;;,
      10;4;-0.707107, 0.707107, 0.000000, 0.000000;;,
      11;4;-0.707107, 0.707107, 0.000000, 0.000000;;,
      12;4;-0.707107, 0.707107, 0.000000, 0.000000;;,
      13;4;-0.707107, 0.707107, 0.000000, 0.000000;;,
      14;4;-0.707107, 0.707107, 0.000000, 0.000000;;,
      15;4;-0.707107, 0.707107, 0.000000, 0.000000;;,
      16;4;-0.707107, 0.707107, 0.000000, 0.000000;;,
      17;4;-0.707107, 0.707107, 0.000000, 0.000000;;,
      18;4;-0.707107, 0.707107, 0.000000, 0.000000;;,
      19;4;-0.707107, 0.707107, 0.000000, 0.000000;;,
      20;4;-0.707107, 0.707107, 0.000000, 0.000000;;,
      21;4;-0.707107, 0.707107, 0.000000, 0.000000;;,
      22;4;-0.707107, 0.707107, 0.000000, 0.000000;;,
      23;4;-0.707107, 0.707107, 0.000000, 0.000000;;,
      24;4;-0.707107, 0.707107, 0.000000, 0.000000;;,
      25;4;-0.707107, 0.707107, 0.000000, 0.000000;;,
      26;4;-0.707107, 0.707107, 0.000000, 0.000000;;,
      27;4;-0.707107, 0.707107, 0.000000, 0.000000;;,
      28;4;-0.707107, 0.707107, 0.000000, 0.000000;;,
      29;4;-0.707107, 0.707107, 0.000000, 0.000000;;,
      30;4;-0.707107, 0.707107, 0.000000, 0.000000;;,
      31;4;-0.707107, 0.707107, 0.000000, 0.000000;;,
      32;4;-0.707107, 0.707107, 0.000000, 0.000000;;,
      33;4;-0.707107, 0.707107, 0.000000, 0.000000;;,
      34;4;-0.707107, 0.707107, 0.000000, 0.000000;;,
      35;4;-0.707107, 0.707107, 0.000000, 0.000000;;,
      36;4;-0.707107, 0.707107, 0.000000, 0.000000;;,
      37;4;-0.707107, 0.707107, 0.000000, 0.000000;;,
      38;4;-0.707107, 0.707107, 0.000000, 0.000000;;,
      39;4;-0.707107, 0.707107, 0.000000, 0.000000;;,
      40;4;-0.707107, 0.707107, 0.000000, 0.000000;;,
      41;4;-0.707107, 0.707107, 0.000000, 0.000000;;,
      42;4;-0.707107, 0.707107, 0.000000, 0.000000;;,
      43;4;-0.707107, 0.707107, 0.000000, 0.000000;;,
      44;4;-0.707107, 0.707107, 0.000000, 0.000000;;,
      45;4;-0.707107, 0.707107, 0.000000, 0.000000;;,
      46;4;-0.707107, 0.707107, 0.000000, 0.000000;;,
      47;4;-0.707107, 0.707107, 0.000000, 0.000000;;,
      48;4;-0.707107, 0.707107, 0.000000, 0.000000;;,
      49;4;-0.707107, 0.707107, 0.000000, 0.000000;;,
      50;4;-0.707107, 0.707107, 0.000000, 0.000000;;,
      51;4;-0.707107, 0.707107, 0.000000, 0.000000;;,
      52;4;-0.707107, 0.707107, 0.000000, 0.000000;;,
      53;4;-0.707107, 0.707107, 0.000000, 0.000000;;,
      54;4;-0.707107, 0.707107, 0.000000, 0.000000;;,
      55;4;-0.707107, 0.707107, 0.000000, 0.000000;;,
      56;4;-0.707107, 0.707107, 0.000000, 0.000000;;,
      57;4;-0.707107, 0.707107, 0.000000, 0.000000;;,
      58;4;-0.707107, 0.707107, 0.000000, 0.000000;;,
      59;4;-0.707107, 0.707107, 0.000000, 0.000000;;,
      60;4;-0.707107, 0.707107, 0.000000, 0.000000;;,
      61;4;-0.707107, 0.707107, 0.000000, 0.000000;;;
    }
    AnimationKey { // Scale
      1;
      62;
      0;3; 1.000000, 1.000000, 1.000000;;,
      1;3; 1.000000, 1.000000, 1.000000;;,
      2;3; 1.000000, 1.000000, 1.000000;;,
      3;3; 1.000000, 1.000000, 1.000000;;,
      4;3; 1.000000, 1.000000, 1.000000;;,
      5;3; 1.000000, 1.000000, 1.000000;;,
      6;3; 1.000000, 1.000000, 1.000000;;,
      7;3; 1.000000, 1.000000, 1.000000;;,
      8;3; 1.000000, 1.000000, 1.000000;;,
      9;3; 1.000000, 1.000000, 1.000000;;,
      10;3; 1.000000, 1.000000, 1.000000;;,
      11;3; 1.000000, 1.000000, 1.000000;;,
      12;3; 1.000000, 1.000000, 1.000000;;,
      13;3; 1.000000, 1.000000, 1.000000;;,
      14;3; 1.000000, 1.000000, 1.000000;;,
      15;3; 1.000000, 1.000000, 1.000000;;,
      16;3; 1.000000, 1.000000, 1.000000;;,
      17;3; 1.000000, 1.000000, 1.000000;;,
      18;3; 1.000000, 1.000000, 1.000000;;,
      19;3; 1.000000, 1.000000, 1.000000;;,
      20;3; 1.000000, 1.000000, 1.000000;;,
      21;3; 1.000000, 1.000000, 1.000000;;,
      22;3; 1.000000, 1.000000, 1.000000;;,
      23;3; 1.000000, 1.000000, 1.000000;;,
      24;3; 1.000000, 1.000000, 1.000000;;,
      25;3; 1.000000, 1.000000, 1.000000;;,
      26;3; 1.000000, 1.000000, 1.000000;;,
      27;3; 1.000000, 1.000000, 1.000000;;,
      28;3; 1.000000, 1.000000, 1.000000;;,
      29;3; 1.000000, 1.000000, 1.000000;;,
      30;3; 1.000000, 1.000000, 1.000000;;,
      31;3; 1.000000, 1.000000, 1.000000;;,
      32;3; 1.000000, 1.000000, 1.000000;;,
