xof 0303txt 0032

template XSkinMeshHeader {
  <3cf169ce-ff7c-44ab-93c0-f78f62d172e2>
  WORD nMaxSkinWeightsPerVertex;
  WORD nMaxSkinWeightsPerFace;
  WORD nBones;
}

template SkinWeights {
  <6f0d123b-bad2-4167-a0d0-80224f25fabb>
  STRING transformNodeName;
  DWORD nWeights;
  array DWORD vertexIndices[nWeights];
  array float weights[nWeights];
  Matrix4x4 matrixOffset;
}

Frame Root {
  FrameTransformMatrix {
     1.000000, 0.000000, 0.000000, 0.000000,
     0.000000,-0.000000,-1.000000, 0.000000,
     0.000000, 1.000000,-0.000000, 0.000000,
     0.000000, 0.000000, 0.000000, 1.000000;;
  }
  Frame ROBOT_SOLDIER_RIG {
    FrameTransformMatrix {
       0.100000, 0.000000, 0.000000, 0.000000,
       0.000000,-0.000000, 0.100000, 0.000000,
       0.000000,-0.100000,-0.000000, 0.000000,
       0.000000, 0.000000, 0.000000, 1.000000;;
    }
    Frame ROBOT_SOLDIER_RIG_Hips {
      FrameTransformMatrix {
         0.008247,-0.230430, 0.973054, 0.000000,
        -0.131087, 0.964440, 0.229501, 0.000000,
        -0.991337,-0.129447,-0.022252, 0.000000,
         5.018038,63.674843,10.167854, 1.000000;;
      }
      Frame ROBOT_SOLDIER_RIG_LeftUpLeg {
        FrameTransformMatrix {
           0.225893, 0.011905,-0.974079, 0.000000,
          -0.925132,-0.310578,-0.218337, 0.000000,
          -0.305127, 0.950473,-0.059144, 0.000000,
          12.894797,-9.482491,-0.055402, 1.000000;;
        }
        Frame ROBOT_SOLDIER_RIG_LeftLeg {
          FrameTransformMatrix {
             0.970078,-0.173966, 0.169367, 0.000000,
            -0.242310,-0.649589, 0.720639, 0.000000,
            -0.015348,-0.740115,-0.672305, 0.000000,
             0.244695,-40.595402,-0.516999, 1.000000;;
          }
          Frame ROBOT_SOLDIER_RIG_LeftFoot {
            FrameTransformMatrix {
               0.931638,-0.207340, 0.298431, 0.000000,
               0.089907, 0.927231, 0.363538, 0.000000,
              -0.352091,-0.311855, 0.882484, 0.000000,
              -0.244698,-42.048000,-2.057600, 1.000000;;
            }
            Frame ROBOT_SOLDIER_RIG_LeftToeBase {
              FrameTransformMatrix {
                 0.991816, 0.120280,-0.042819, 0.000000,
                -0.126583, 0.970145,-0.206869, 0.000000,
                 0.016658, 0.210596, 0.977431, 0.000000,
                 0.373401,-10.492216,12.640696, 1.000000;;
              }
              Frame ROBOT_SOLDIER_RIG_LeftToe_End {
                FrameTransformMatrix {
                   1.000000, 0.000000, 0.000000, 0.000000,
                   0.000000, 1.000000, 0.000000, 0.000000,
                  -0.000000,-0.000000, 1.000000, 0.000000,
                  -0.000002,-0.000003, 9.992503, 1.000000;;
                }
                Frame ROBOT_SOLDIER_RIG_LeftToe_End_end {
                  FrameTransformMatrix {
                     1.000000,-0.000000,-0.000000, 0.000000,
                     0.000000, 1.000000,-0.000000, 0.000000,
                     0.000000, 0.000000, 1.000000, 0.000000,
                    -0.000002, 9.992500,-0.000001, 1.000000;;
                  }
                } // End of ROBOT_SOLDIER_RIG_LeftToe_End_end
              } // End of ROBOT_SOLDIER_RIG_LeftToe_End
            } // End of ROBOT_SOLDIER_RIG_LeftToeBase
          } // End of ROBOT_SOLDIER_RIG_LeftFoot
        } // End of ROBOT_SOLDIER_RIG_LeftLeg
      } // End of ROBOT_SOLDIER_RIG_LeftUpLeg
      Frame ROBOT_SOLDIER_RIG_RightUpLeg {
        FrameTransformMatrix {
           0.862410,-0.217938, 0.456893, 0.000000,
           0.467760,-0.001954,-0.883853, 0.000000,
           0.193518, 0.975960, 0.100258, 0.000000,
          -12.894801,-9.482497,-0.055400, 1.000000;;
        }
        Frame ROBOT_SOLDIER_RIG_RightLeg {
          FrameTransformMatrix {
             0.977942, 0.161368,-0.132623, 0.000000,
             0.155561,-0.138961, 0.978003, 0.000000,
             0.139389,-0.977062,-0.160998, 0.000000,
            -0.244697,-40.595402,-0.516992, 1.000000;;
          }
          Frame ROBOT_SOLDIER_RIG_RightFoot {
            FrameTransformMatrix {
               0.820475, 0.561116,-0.109409, 0.000000,
              -0.571179, 0.796565,-0.198087, 0.000000,
              -0.023999, 0.225018, 0.974059, 0.000000,
               0.244699,-42.048004,-2.057614, 1.000000;;
            }
            Frame ROBOT_SOLDIER_RIG_RightToeBase {
              FrameTransformMatrix {
                 0.999972,-0.002388,-0.007124, 0.000000,
                 0.002185, 0.999597,-0.028305, 0.000000,
                 0.007188, 0.028289, 0.999574, 0.000000,
                -0.373400,-10.492210,12.640697, 1.000000;;
              }
              Frame ROBOT_SOLDIER_RIG_RightToe_End {
                FrameTransformMatrix {
                   1.000000,-0.000000,-0.000000, 0.000000,
                   0.000000, 1.000000, 0.000000, 0.000000,
                   0.000000,-0.000000, 1.000000, 0.000000,
                  -0.000000,-0.000002, 9.992499, 1.000000;;
                }
                Frame ROBOT_SOLDIER_RIG_RightToe_End_end {
                  FrameTransformMatrix {
                     1.000000, 0.000000,-0.000000, 0.000000,
                    -0.000000, 1.000000, 0.000000, 0.000000,
                     0.000000,-0.000000, 1.000000, 0.000000,
                     0.000003, 9.992500,-0.000002, 1.000000;;
                  }
                } // End of ROBOT_SOLDIER_RIG_RightToe_End_end
              } // End of ROBOT_SOLDIER_RIG_RightToe_End
            } // End of ROBOT_SOLDIER_RIG_RightToeBase
          } // End of ROBOT_SOLDIER_RIG_RightFoot
        } // End of ROBOT_SOLDIER_RIG_RightLeg
      } // End of ROBOT_SOLDIER_RIG_RightUpLeg
      Frame ROBOT_SOLDIER_RIG_Spine {
        FrameTransformMatrix {
           0.999221,-0.012466,-0.037436, 0.000000,
           0.019527, 0.980680, 0.194641, 0.000000,
           0.034286,-0.195220, 0.980160, 0.000000,
          -0.000004,13.395804,-1.227301, 1.000000;;
        }
        Frame ROBOT_SOLDIER_RIG_Spine1 {
          FrameTransformMatrix {
             0.997600, 0.068093,-0.012574, 0.000000,
            -0.061728, 0.956810, 0.284086, 0.000000,
             0.031375,-0.282628, 0.958716, 0.000000,
            -0.000101,13.655699,-1.422298, 1.000000;;
          }
          Frame ROBOT_SOLDIER_RIG_Spine2 {
            FrameTransformMatrix {
               0.998680, 0.050144,-0.011098, 0.000000,
              -0.045534, 0.964468, 0.260247, 0.000000,
               0.023753,-0.259399, 0.965478, 0.000000,
               0.000101,13.360208,-1.626504, 1.000000;;
            }
            Frame ROBOT_SOLDIER_RIG_LeftShoulder {
              FrameTransformMatrix {
                 0.678568, 0.641837, 0.357198, 0.000000,
                -0.599652, 0.764898,-0.235262, 0.000000,
                -0.424220,-0.054553, 0.903915, 0.000000,
                21.496599, 2.870900, 0.705597, 1.000000;;
              }
              Frame ROBOT_SOLDIER_RIG_LeftArm {
                FrameTransformMatrix {
                  -0.002993,-0.999993, 0.002349, 0.000000,
                   0.790735,-0.000929, 0.612158, 0.000000,
                  -0.612151, 0.003689, 0.790732, 0.000000,
                  12.977999, 0.690195,-1.526500, 1.000000;;
                }
                Frame ROBOT_SOLDIER_RIG_LeftForeArm {
                  FrameTransformMatrix {
                    -0.147532, 0.970210,-0.192164, 0.000000,
                    -0.828746,-0.227307,-0.511382, 0.000000,
                    -0.539828, 0.083810, 0.837592, 0.000000,
                    31.225203,-0.028201, 0.000009, 1.000000;;
                  }
                  Frame ROBOT_SOLDIER_RIG_LeftHand {
                    FrameTransformMatrix {
                       0.992722,-0.098158, 0.069767, 0.000000,
                       0.077475, 0.077029,-0.994014, 0.000000,
                       0.092196, 0.992185, 0.084074, 0.000000,
                      31.363203,-0.000005,-0.000001, 1.000000;;
                    }
                    Frame ROBOT_SOLDIER_RIG_LeftHandIndex1 {
                      FrameTransformMatrix {
                         0.145668,-0.979759, 0.137306, 0.000000,
                         0.926372, 0.183797, 0.328715, 0.000000,
                        -0.347298, 0.079313, 0.934395, 0.000000,
                        13.672701, 0.151797, 4.666799, 1.000000;;
                      }
                      Frame ROBOT_SOLDIER_RIG_LeftHandIndex2 {
                        FrameTransformMatrix {
                           0.382220,-0.914745, 0.130956, 0.000000,
                           0.923558, 0.382874,-0.021148, 0.000000,
                          -0.030795, 0.129028, 0.991163, 0.000000,
                           5.537908, 0.000003, 0.000005, 1.000000;;
                        }
                        Frame ROBOT_SOLDIER_RIG_LeftHandIndex3 {
                          FrameTransformMatrix {
                             0.348779,-0.933712,-0.080835, 0.000000,
                             0.935383, 0.352180,-0.032070, 0.000000,
                             0.058413,-0.064427, 0.996211, 0.000000,
                             4.575097,-0.000001,-0.000003, 1.000000;;
                          }
                          Frame ROBOT_SOLDIER_RIG_LeftHandIndex4 {
                            FrameTransformMatrix {
                               1.000000,-0.000000,-0.000000, 0.000000,
                               0.000000, 1.000000, 0.000000, 0.000000,
                               0.000000,-0.000000, 1.000000, 0.000000,
                               4.103001,-0.000004,-0.000003, 1.000000;;
                            }
                            Frame ROBOT_SOLDIER_RIG_LeftHandIndex4_end {
                              FrameTransformMatrix {
                                 1.000000, 0.000000, 0.000000, 0.000000,
                                -0.000000, 1.000000,-0.000000, 0.000000,
                                 0.000000, 0.000000, 1.000000, 0.000000,
                                -0.000002, 4.102993, 0.000011, 1.000000;;
                              }
                            } // End of ROBOT_SOLDIER_RIG_LeftHandIndex4_end
                          } // End of ROBOT_SOLDIER_RIG_LeftHandIndex4
                        } // End of ROBOT_SOLDIER_RIG_LeftHandIndex3
                      } // End of ROBOT_SOLDIER_RIG_LeftHandIndex2
                    } // End of ROBOT_SOLDIER_RIG_LeftHandIndex1
                    Frame ROBOT_SOLDIER_RIG_LeftHandMiddle1 {
                      FrameTransformMatrix {
                         0.053038,-0.989057, 0.137671, 0.000000,
                         0.997366, 0.059297, 0.041769, 0.000000,
                        -0.049476, 0.135093, 0.989597, 0.000000,
                        13.845900, 0.130696, 1.509790, 1.000000;;
                      }
                      Frame ROBOT_SOLDIER_RIG_LeftHandMiddle2 {
                        FrameTransformMatrix {
                           0.230809,-0.972990, 0.004214, 0.000000,
                           0.972572, 0.230834, 0.028620, 0.000000,
                          -0.028820,-0.002508, 0.999581, 0.000000,
                           6.632598, 0.000005, 0.000003, 1.000000;;
                        }
                        Frame ROBOT_SOLDIER_RIG_LeftHandMiddle3 {
                          FrameTransformMatrix {
                             0.386802,-0.918553,-0.081517, 0.000000,
                             0.920006, 0.390430,-0.033979, 0.000000,
                             0.063038,-0.061853, 0.996093, 0.000000,
                             4.460304,-0.000008, 0.000002, 1.000000;;
                          }
                          Frame ROBOT_SOLDIER_RIG_LeftHandMiddle4 {
                            FrameTransformMatrix {
                               1.000000, 0.000000, 0.000000, 0.000000,
                              -0.000000, 1.000000,-0.000000, 0.000000,
                               0.000000, 0.000000, 1.000000, 0.000000,
                               4.718613, 0.000002, 0.000000, 1.000000;;
                            }
                            Frame ROBOT_SOLDIER_RIG_LeftHandMiddle4_end {
                              FrameTransformMatrix {
                                 1.000000,-0.000000, 0.000000, 0.000000,
                                 0.000000, 1.000000, 0.000000, 0.000000,
                                 0.000000, 0.000000, 1.000000, 0.000000,
                                -0.000001, 4.718594, 0.000005, 1.000000;;
                              }
                            } // End of ROBOT_SOLDIER_RIG_LeftHandMiddle4_end
                          } // End of ROBOT_SOLDIER_RIG_LeftHandMiddle4
                        } // End of ROBOT_SOLDIER_RIG_LeftHandMiddle3
                      } // End of ROBOT_SOLDIER_RIG_LeftHandMiddle2
                    } // End of ROBOT_SOLDIER_RIG_LeftHandMiddle1
                    Frame ROBOT_SOLDIER_RIG_LeftHandPinky1 {
                      FrameTransformMatrix {
                         0.062355,-0.980002, 0.188966, 0.000000,
                         0.918185,-0.017887,-0.395747, 0.000000,
                         0.391213, 0.198183, 0.898708, 0.000000,
                        13.950802,-0.226406,-4.916302, 1.000000;;
                      }
                      Frame ROBOT_SOLDIER_RIG_LeftHandPinky2 {
                        FrameTransformMatrix {
                           0.273864,-0.898167,-0.343938, 0.000000,
                           0.931857, 0.336292,-0.136200, 0.000000,
                           0.237994,-0.283201, 0.929062, 0.000000,
                           4.251001,-0.000004, 0.000000, 1.000000;;
                        }
                        Frame ROBOT_SOLDIER_RIG_LeftHandPinky3 {
                          FrameTransformMatrix {
                             0.661982,-0.726191,-0.185542, 0.000000,
                             0.726207, 0.682689,-0.080988, 0.000000,
                             0.185481,-0.081129, 0.979293, 0.000000,
                             2.821095,-0.000002, 0.000001, 1.000000;;
                          }
                          Frame ROBOT_SOLDIER_RIG_LeftHandPinky4 {
                            FrameTransformMatrix {
                               1.000000,-0.000000,-0.000000, 0.000000,
                               0.000000, 1.000000,-0.000000, 0.000000,
                               0.000000, 0.000000, 1.000000, 0.000000,
                               3.367106,-0.000002, 0.000003, 1.000000;;
                            }
                            Frame ROBOT_SOLDIER_RIG_LeftHandPinky4_end {
                              FrameTransformMatrix {
                                 1.000000,-0.000000, 0.000000, 0.000000,
                                 0.000000, 1.000000,-0.000000, 0.000000,
                                -0.000000, 0.000000, 1.000000, 0.000000,
                                 0.000001, 3.367097, 0.000001, 1.000000;;
                              }
                            } // End of ROBOT_SOLDIER_RIG_LeftHandPinky4_end
                          } // End of ROBOT_SOLDIER_RIG_LeftHandPinky4
                        } // End of ROBOT_SOLDIER_RIG_LeftHandPinky3
                      } // End of ROBOT_SOLDIER_RIG_LeftHandPinky2
                    } // End of ROBOT_SOLDIER_RIG_LeftHandPinky1
                    Frame ROBOT_SOLDIER_RIG_LeftHandRing1 {
                      FrameTransformMatrix {
                        -0.010549,-0.993141, 0.116445, 0.000000,
                         0.988043,-0.028265,-0.151564, 0.000000,
                         0.153816, 0.113454, 0.981565, 0.000000,
                        14.372702, 0.009898,-1.887004, 1.000000;;
                      }
                      Frame ROBOT_SOLDIER_RIG_LeftHandRing2 {
                        FrameTransformMatrix {
                           0.464644,-0.872770,-0.149592, 0.000000,
                           0.877529, 0.476458,-0.054146, 0.000000,
                           0.118531,-0.106113, 0.987264, 0.000000,
                           5.069499,-0.000002,-0.000003, 1.000000;;
                        }
                        Frame ROBOT_SOLDIER_RIG_LeftHandRing3 {
                          FrameTransformMatrix {
                             0.300544,-0.942731,-0.144679, 0.000000,
                             0.940136, 0.318375,-0.121579, 0.000000,
                             0.160678,-0.099478, 0.981981, 0.000000,
                             3.781895,-0.000002, 0.000002, 1.000000;;
                          }
                          Frame ROBOT_SOLDIER_RIG_LeftHandRing4 {
                            FrameTransformMatrix {
                               1.000000, 0.000000,-0.000000, 0.000000,
                              -0.000000, 1.000000,-0.000000, 0.000000,
                               0.000000, 0.000000, 1.000000, 0.000000,
                               3.804003, 0.000007,-0.000007, 1.000000;;
                            }
                            Frame ROBOT_SOLDIER_RIG_LeftHandRing4_end {
                              FrameTransformMatrix {
                                 1.000000, 0.000000, 0.000000, 0.000000,
                                -0.000000, 1.000000, 0.000000, 0.000000,
                                 0.000000,-0.000000, 1.000000, 0.000000,
                                 0.000001, 3.803989, 0.000001, 1.000000;;
                              }
                            } // End of ROBOT_SOLDIER_RIG_LeftHandRing4_end
                          } // End of ROBOT_SOLDIER_RIG_LeftHandRing4
                        } // End of ROBOT_SOLDIER_RIG_LeftHandRing3
                      } // End of ROBOT_SOLDIER_RIG_LeftHandRing2
                    } // End of ROBOT_SOLDIER_RIG_LeftHandRing1
                    Frame ROBOT_SOLDIER_RIG_LeftHandThumb1 {
                      FrameTransformMatrix {
                         0.962961,-0.265471, 0.047224, 0.000000,
                         0.262855, 0.963264, 0.055041, 0.000000,
                        -0.060101,-0.040589, 0.997367, 0.000000,
                         6.978197,-1.552606, 6.581899, 1.000000;;
                      }
                      Frame ROBOT_SOLDIER_RIG_LeftHandThumb2 {
                        FrameTransformMatrix {
                           0.966168, 0.219824,-0.134892, 0.000000,
                          -0.178445, 0.947379, 0.265763, 0.000000,
                           0.186215,-0.232701, 0.954554, 0.000000,
                           3.180302,-1.822094, 2.029398, 1.000000;;
                        }
                        Frame ROBOT_SOLDIER_RIG_LeftHandThumb3 {
                          FrameTransformMatrix {
                             0.992677,-0.036113, 0.115277, 0.000000,
                            -0.087201, 0.446177, 0.890686, 0.000000,
                            -0.083600,-0.894216, 0.439761, 0.000000,
                             3.394402,-1.959706, 1.959806, 1.000000;;
                          }
                          Frame ROBOT_SOLDIER_RIG_LeftHandThumb4 {
                            FrameTransformMatrix {
                               1.000000, 0.000000, 0.000000, 0.000000,
                              -0.000000, 1.000000,-0.000000, 0.000000,
                              -0.000000, 0.000000, 1.000000, 0.000000,
                               2.907604,-1.725096, 1.817297, 1.000000;;
                            }
                            Frame ROBOT_SOLDIER_RIG_LeftHandThumb4_end {
                              FrameTransformMatrix {
                                 1.000000,-0.000000,-0.000000, 0.000000,
                                 0.000000, 1.000000,-0.000000, 0.000000,
                                -0.000000, 0.000000, 1.000000, 0.000000,
                                -0.000003, 3.838312, 0.000003, 1.000000;;
                              }
                            } // End of ROBOT_SOLDIER_RIG_LeftHandThumb4_end
                          } // End of ROBOT_SOLDIER_RIG_LeftHandThumb4
                        } // End of ROBOT_SOLDIER_RIG_LeftHandThumb3
                      } // End of ROBOT_SOLDIER_RIG_LeftHandThumb2
                    } // End of ROBOT_SOLDIER_RIG_LeftHandThumb1
                  } // End of ROBOT_SOLDIER_RIG_LeftHand
                } // End of ROBOT_SOLDIER_RIG_LeftForeArm
              } // End of ROBOT_SOLDIER_RIG_LeftArm
            } // End of ROBOT_SOLDIER_RIG_LeftShoulder
            Frame ROBOT_SOLDIER_RIG_Neck {
              FrameTransformMatrix {
                 0.999576,-0.009257,-0.027609, 0.000000,
                 0.007580, 0.998156,-0.060222, 0.000000,
                 0.028116, 0.059987, 0.997803, 0.000000,
                 0.000000, 9.786894, 0.792898, 1.000000;;
              }
              Frame ROBOT_SOLDIER_RIG_Head {
                FrameTransformMatrix {
                   0.915559, 0.400863,-0.032566, 0.000000,
                  -0.386817, 0.855516,-0.344186, 0.000000,
                  -0.110111, 0.327719, 0.938336, 0.000000,
                   0.000003, 7.234003,-1.138400, 1.000000;;
                }
                Frame ROBOT_SOLDIER_RIG_HeadTop_End {
                  FrameTransformMatrix {
                     1.000000, 0.000001, 0.000000, 0.000000,
                    -0.000001, 1.000000, 0.000001, 0.000000,
                    -0.000000,-0.000001, 1.000000, 0.000000,
                     0.000205,30.054054, 4.110003, 1.000000;;
                  }
                  Frame ROBOT_SOLDIER_RIG_HeadTop_End_end {
                    FrameTransformMatrix {
                       1.000000,-0.000000, 0.000000, 0.000000,
                       0.000000, 1.000000,-0.000000, 0.000000,
                      -0.000000, 0.000000, 1.000000, 0.000000,
                      -0.000002,30.333641, 0.000005, 1.000000;;
                    }
                  } // End of ROBOT_SOLDIER_RIG_HeadTop_End_end
                } // End of ROBOT_SOLDIER_RIG_HeadTop_End
              } // End of ROBOT_SOLDIER_RIG_Head
            } // End of ROBOT_SOLDIER_RIG_Neck
            Frame ROBOT_SOLDIER_RIG_RightShoulder {
              FrameTransformMatrix {
                 0.961590,-0.274432, 0.005703, 0.000000,
                 0.274262, 0.961427, 0.020963, 0.000000,
                -0.011236,-0.018594, 0.999764, 0.000000,
                -21.496601, 2.870700, 0.705598, 1.000000;;
              }
              Frame ROBOT_SOLDIER_RIG_RightArm {
                FrameTransformMatrix {
                   0.373833, 0.602681,-0.704999, 0.000000,
                  -0.866668, 0.497721,-0.034074, 0.000000,
                   0.330357, 0.623738, 0.708389, 0.000000,
                  -12.978008, 0.690010,-1.526507, 1.000000;;
                }
                Frame ROBOT_SOLDIER_RIG_RightForeArm {
                  FrameTransformMatrix {
                     0.495655,-0.153076,-0.854923, 0.000000,
                     0.222622, 0.973852,-0.045302, 0.000000,
                     0.839503,-0.167870, 0.516773, 0.000000,
                    -31.225096,-0.028016, 0.000004, 1.000000;;
                  }
                  Frame ROBOT_SOLDIER_RIG_RightHand {
                    FrameTransformMatrix {
                       0.986400,-0.051177,-0.156190, 0.000000,
                       0.033842, 0.993166,-0.111692, 0.000000,
                       0.160839, 0.104887, 0.981391, 0.000000,
                      -31.363310,-0.000010, 0.000002, 1.000000;;
                    }
                    Frame ROBOT_SOLDIER_RIG_RightHandIndex1 {
                      FrameTransformMatrix {
                         0.481875, 0.873954,-0.063250, 0.000000,
                        -0.868710, 0.485930, 0.095990, 0.000000,
                         0.114626, 0.008690, 0.993370, 0.000000,
                        -13.673006, 0.151997, 4.666803, 1.000000;;
                      }
                      Frame ROBOT_SOLDIER_RIG_RightHandIndex2 {
                        FrameTransformMatrix {
                           0.395833, 0.913701,-0.092019, 0.000000,
                          -0.911782, 0.402974, 0.079161, 0.000000,
                           0.109410, 0.052567, 0.992606, 0.000000,
                          -5.537999, 0.000005, 0.000005, 1.000000;;
                        }
                        Frame ROBOT_SOLDIER_RIG_RightHandIndex3 {
                          FrameTransformMatrix {
                             0.508176, 0.861252, 0.001756, 0.000000,
                            -0.860935, 0.507931, 0.028213, 0.000000,
                             0.023407,-0.015849, 0.999600, 0.000000,
                            -4.575000,-0.000003,-0.000004, 1.000000;;
                          }
                          Frame ROBOT_SOLDIER_RIG_RightHandIndex4 {
                            FrameTransformMatrix {
                               1.000000,-0.000000,-0.000000, 0.000000,
                               0.000000, 1.000000,-0.000000, 0.000000,
                              -0.000000,-0.000000, 1.000000, 0.000000,
                              -4.103002,-0.000004, 0.000004, 1.000000;;
                            }
                            Frame ROBOT_SOLDIER_RIG_RightHandIndex4_end {
                              FrameTransformMatrix {
                                 1.000000, 0.000000,-0.000000, 0.000000,
                                -0.000000, 1.000000, 0.000000, 0.000000,
                                 0.000000,-0.000000, 1.000000, 0.000000,
                                 0.000000, 4.103003,-0.000002, 1.000000;;
                              }
                            } // End of ROBOT_SOLDIER_RIG_RightHandIndex4_end
                          } // End of ROBOT_SOLDIER_RIG_RightHandIndex4
                        } // End of ROBOT_SOLDIER_RIG_RightHandIndex3
                      } // End of ROBOT_SOLDIER_RIG_RightHandIndex2
                    } // End of ROBOT_SOLDIER_RIG_RightHandIndex1
                    Frame ROBOT_SOLDIER_RIG_RightHandMiddle1 {
                      FrameTransformMatrix {
                         0.370552, 0.923748,-0.096853, 0.000000,
                        -0.907473, 0.382289, 0.174205, 0.000000,
                         0.197947, 0.023339, 0.979935, 0.000000,
                        -13.846012, 0.130997, 1.509803, 1.000000;;
                      }
                      Frame ROBOT_SOLDIER_RIG_RightHandMiddle2 {
                        FrameTransformMatrix {
                           0.095462, 0.989503,-0.108498, 0.000000,
                          -0.995432, 0.094709,-0.012084, 0.000000,
                          -0.001681, 0.109156, 0.994023, 0.000000,
                          -6.632006, 0.000003,-0.000005, 1.000000;;
                        }
                        Frame ROBOT_SOLDIER_RIG_RightHandMiddle3 {
                          FrameTransformMatrix {
                             0.841186, 0.535461, 0.075421, 0.000000,
                            -0.536132, 0.844038,-0.012757, 0.000000,
                            -0.070489,-0.029704, 0.997070, 0.000000,
                            -4.460998,-0.000000, 0.000000, 1.000000;;
                          }
                          Frame ROBOT_SOLDIER_RIG_RightHandMiddle4 {
                            FrameTransformMatrix {
                               1.000000, 0.000000, 0.000000, 0.000000,
                               0.000000, 1.000000, 0.000000, 0.000000,
                               0.000000, 0.000000, 1.000000, 0.000000,
                              -4.718006,-0.000004,-0.000003, 1.000000;;
                            }
                            Frame ROBOT_SOLDIER_RIG_RightHandMiddle4_end {
                              FrameTransformMatrix {
                                 1.000000,-0.000000, 0.000000, 0.000000,
                                 0.000000, 1.000000, 0.000000, 0.000000,
                                -0.000000,-0.000000, 1.000000, 0.000000,
                                -0.000001, 4.718003,-0.000005, 1.000000;;
                              }
                            } // End of ROBOT_SOLDIER_RIG_RightHandMiddle4_end
                          } // End of ROBOT_SOLDIER_RIG_RightHandMiddle4
                        } // End of ROBOT_SOLDIER_RIG_RightHandMiddle3
                      } // End of ROBOT_SOLDIER_RIG_RightHandMiddle2
                    } // End of ROBOT_SOLDIER_RIG_RightHandMiddle1
                    Frame ROBOT_SOLDIER_RIG_RightHandPinky1 {
                      FrameTransformMatrix {
                         0.053644, 0.991944,-0.114760, 0.000000,
                        -0.988456, 0.036441,-0.147060, 0.000000,
                        -0.141694, 0.121324, 0.982448, 0.000000,
                        -13.951013,-0.226011,-4.916300, 1.000000;;
                      }
                      Frame ROBOT_SOLDIER_RIG_RightHandPinky2 {
                        FrameTransformMatrix {
                           0.581908, 0.787568, 0.202781, 0.000000,
                          -0.808622, 0.586895, 0.041044, 0.000000,
                          -0.086686,-0.187857, 0.978363, 0.000000,
                          -4.251005, 0.000002,-0.000002, 1.000000;;
                        }
                        Frame ROBOT_SOLDIER_RIG_RightHandPinky3 {
                          FrameTransformMatrix {
                             0.900092, 0.433215, 0.046466, 0.000000,
                            -0.433215, 0.901228,-0.010604, 0.000000,
                            -0.046470,-0.010585, 0.998864, 0.000000,
                            -2.820994,-0.000008, 0.000002, 1.000000;;
                          }
                          Frame ROBOT_SOLDIER_RIG_RightHandPinky4 {
                            FrameTransformMatrix {
                               1.000000, 0.000000, 0.000000, 0.000000,
                               0.000000, 1.000000,-0.000000, 0.000000,
                              -0.000000,-0.000000, 1.000000, 0.000000,
                              -3.367006, 0.000008, 0.000001, 1.000000;;
                            }
                            Frame ROBOT_SOLDIER_RIG_RightHandPinky4_end {
                              FrameTransformMatrix {
                                 1.000000, 0.000000,-0.000000, 0.000000,
                                -0.000000, 1.000000, 0.000000, 0.000000,
                                -0.000000,-0.000000, 1.000000, 0.000000,
                                 0.000001, 3.367003,-0.000002, 1.000000;;
                              }
                            } // End of ROBOT_SOLDIER_RIG_RightHandPinky4_end
                          } // End of ROBOT_SOLDIER_RIG_RightHandPinky4
                        } // End of ROBOT_SOLDIER_RIG_RightHandPinky3
                      } // End of ROBOT_SOLDIER_RIG_RightHandPinky2
                    } // End of ROBOT_SOLDIER_RIG_RightHandPinky1
                    Frame ROBOT_SOLDIER_RIG_RightHandRing1 {
                      FrameTransformMatrix {
                         0.194017, 0.980540,-0.029995, 0.000000,
                        -0.963229, 0.184621,-0.195204, 0.000000,
                        -0.185868, 0.066765, 0.980304, 0.000000,
                        -14.373012, 0.009996,-1.886899, 1.000000;;
                      }
                      Frame ROBOT_SOLDIER_RIG_RightHandRing2 {
                        FrameTransformMatrix {
                           0.288043, 0.938345, 0.191155, 0.000000,
                          -0.952147, 0.301940,-0.047418, 0.000000,
                          -0.102212,-0.168349, 0.980414, 0.000000,
                          -5.068995,-0.000003, 0.000006, 1.000000;;
                        }
                        Frame ROBOT_SOLDIER_RIG_RightHandRing3 {
                          FrameTransformMatrix {
                             0.775388, 0.624184, 0.095744, 0.000000,
                            -0.623340, 0.780812,-0.042195, 0.000000,
                            -0.101096,-0.026964, 0.994511, 0.000000,
                            -3.782011, 0.000005, 0.000000, 1.000000;;
                          }
                          Frame ROBOT_SOLDIER_RIG_RightHandRing4 {
                            FrameTransformMatrix {
                               1.000000,-0.000000, 0.000000, 0.000000,
                               0.000000, 1.000000, 0.000000, 0.000000,
                               0.000000,-0.000000, 1.000000, 0.000000,
                              -3.803997, 0.000004, 0.000003, 1.000000;;
                            }
                            Frame ROBOT_SOLDIER_RIG_RightHandRing4_end {
                              FrameTransformMatrix {
                                 1.000000,-0.000000,-0.000000, 0.000000,
                                 0.000000, 1.000000,-0.000000, 0.000000,
                                -0.000000, 0.000000, 1.000000, 0.000000,
                                -0.000003, 3.804005, 0.000002, 1.000000;;
                              }
                            } // End of ROBOT_SOLDIER_RIG_RightHandRing4_end
                          } // End of ROBOT_SOLDIER_RIG_RightHandRing4
                        } // End of ROBOT_SOLDIER_RIG_RightHandRing3
                      } // End of ROBOT_SOLDIER_RIG_RightHandRing2
                    } // End of ROBOT_SOLDIER_RIG_RightHandRing1
                    Frame ROBOT_SOLDIER_RIG_RightHandThumb1 {
                      FrameTransformMatrix {
                         0.833697, 0.333911, 0.439832, 0.000000,
                        -0.455353, 0.866281, 0.205454, 0.000000,
                        -0.312415,-0.371565, 0.874263, 0.000000,
                        -6.978013,-1.552007, 6.581901, 1.000000;;
                      }
                      Frame ROBOT_SOLDIER_RIG_RightHandThumb2 {
                        FrameTransformMatrix {
                           0.836615,-0.383814,-0.390847, 0.000000,
                           0.505069, 0.816705, 0.279101, 0.000000,
                           0.212083,-0.430905, 0.877121, 0.000000,
                          -3.179998,-1.823002, 2.029402, 1.000000;;
                        }
                        Frame ROBOT_SOLDIER_RIG_RightHandThumb3 {
                          FrameTransformMatrix {
                             0.894600,-0.063341, 0.442356, 0.000000,
                             0.131574, 0.983358,-0.125282, 0.000000,
                            -0.427059, 0.170280, 0.888046, 0.000000,
                            -3.395005,-1.959004, 1.959800, 1.000000;;
                          }
                          Frame ROBOT_SOLDIER_RIG_RightHandThumb4 {
                            FrameTransformMatrix {
                               1.000000, 0.000001,-0.000000, 0.000000,
                              -0.000001, 1.000000,-0.000000, 0.000000,
                               0.000000, 0.000000, 1.000000, 0.000000,
                              -2.907003,-1.724988, 1.817400, 1.000000;;
                            }
                            Frame ROBOT_SOLDIER_RIG_RightHandThumb4_end {
                              FrameTransformMatrix {
                                 1.000000, 0.000000,-0.000000, 0.000000,
                                -0.000000, 1.000000, 0.000001, 0.000000,
                                 0.000000,-0.000001, 1.000000, 0.000000,
                                 0.000005, 3.837811, 0.000001, 1.000000;;
                              }
                            } // End of ROBOT_SOLDIER_RIG_RightHandThumb4_end
                          } // End of ROBOT_SOLDIER_RIG_RightHandThumb4
                        } // End of ROBOT_SOLDIER_RIG_RightHandThumb3
                      } // End of ROBOT_SOLDIER_RIG_RightHandThumb2
                    } // End of ROBOT_SOLDIER_RIG_RightHandThumb1
                  } // End of ROBOT_SOLDIER_RIG_RightHand
                } // End of ROBOT_SOLDIER_RIG_RightForeArm
              } // End of ROBOT_SOLDIER_RIG_RightArm
            } // End of ROBOT_SOLDIER_RIG_RightShoulder
          } // End of ROBOT_SOLDIER_RIG_Spine2
        } // End of ROBOT_SOLDIER_RIG_Spine1
      } // End of ROBOT_SOLDIER_RIG_Spine
    } // End of ROBOT_SOLDIER_RIG_Hips
  } // End of ROBOT_SOLDIER_RIG
} // End of Root
AnimationSet Global {
  Animation {
    {ROBOT_SOLDIER_RIG}
    AnimationKey { // Rotation
      0;
      221;
      0;4;-0.707107, 0.707107, 0.000000, 0.000000;;,
      1;4;-0.707107, 0.707107, 0.000000, 0.000000;;,
      2;4;-0.707107, 0.707107, 0.000000, 0.000000;;,
      3;4;-0.707107, 0.707107, 0.000000, 0.000000;;,
      4;4;-0.707107, 0.707107, 0.000000, 0.000000;;,
      5;4;-0.707107, 0.707107, 0.000000, 0.000000;;,
      6;4;-0.707107, 0.707107, 0.000000, 0.000000;;,
      7;4;-0.707107, 0.707107, 0.000000, 0.000000;;,
      8;4;-0.707107, 0.707107, 0.000000, 0.000000;;,
      9;4;-0.707107, 0.707107, 0.000000, 0.000000;;,
      10;4;-0.707107, 0.707107, 0.000000, 0.000000;;,
      11;4;-0.707107, 0.707107, 0.000000, 0.000000;;,
      12;4;-0.707107, 0.707107, 0.000000, 0.000000;;,
      13;4;-0.707107, 0.707107, 0.000000, 0.000000;;,
      14;4;-0.707107, 0.707107, 0.000000, 0.000000;;,
      15;4;-0.707107, 0.707107, 0.000000, 0.000000;;,
      16;4;-0.707107, 0.707107, 0.000000, 0.000000;;,
      17;4;-0.707107, 0.707107, 0.000000, 0.000000;;,
      18;4;-0.707107, 0.707107, 0.000000, 0.000000;;,
      19;4;-0.707107, 0.707107, 0.000000, 0.000000;;,
      20;4;-0.707107, 0.707107, 0.000000, 0.000000;;,
      21;4;-0.707107, 0.707107, 0.000000, 0.000000;;,
      22;4;-0.707107, 0.707107, 0.000000, 0.000000;;,
      23;4;-0.707107, 0.707107, 0.000000, 0.000000;;,
      24;4;-0.707107, 0.707107, 0.000000, 0.000000;;,
      25;4;-0.707107, 0.707107, 0.000000, 0.000000;;,
      26;4;-0.707107, 0.707107, 0.000000, 0.000000;;,
      27;4;-0.707107, 0.707107, 0.000000, 0.000000;;,
      28;4;-0.707107, 0.707107, 0.000000, 0.000000;;,
      29;4;-0.707107, 0.707107, 0.000000, 0.000000;;,
      30;4;-0.707107, 0.707107, 0.000000, 0.000000;;,
      31;4;-0.707107, 0.707107, 0.000000, 0.000000;;,
      32;4;-0.707107, 0.707107, 0.000000, 0.000000;;,
      33;4;-0.707107, 0.707107, 0.000000, 0.000000;;,
      34;4;-0.707107, 0.707107, 0.000000, 0.000000;;,
      35;4;-0.707107, 0.707107, 0.000000, 0.000000;;,
      36;4;-0.707107, 0.707107, 0.000000, 0.000000;;,
      37;4;-0.707107, 0.707107, 0.000000, 0.000000;;,
      38;4;-0.707107, 0.707107, 0.000000, 0.000000;;,
      39;4;-0.707107, 0.707107, 0.000000, 0.000000;;,
      40;4;-0.707107, 0.707107, 0.000000, 0.000000;;,
      41;4;-0.707107, 0.707107, 0.000000, 0.000000;;,
      42;4;-0.707107, 0.707107, 0.000000, 0.000000;;,
      43;4;-0.707107, 0.707107, 0.000000, 0.000000;;,
      44;4;-0.707107, 0.707107, 0.000000, 0.000000;;,
      45;4;-0.707107, 0.707107, 0.000000, 0.000000;;,
      46;4;-0.707107, 0.707107, 0.000000, 0.000000;;,
      47;4;-0.707107, 0.707107, 0.000000, 0.000000;;,
      48;4;-0.707107, 0.707107, 0.000000, 0.000000;;,
      49;4;-0.707107, 0.707107, 0.000000, 0.000000;;,
      50;4;-0.707107, 0.707107, 0.000000, 0.000000;;,
      51;4;-0.707107, 0.707107, 0.000000, 0.000000;;,
      52;4;-0.707107, 0.707107, 0.000000, 0.000000;;,
      53;4;-0.707107, 0.707107, 0.000000, 0.000000;;,
      54;4;-0.707107, 0.707107, 0.000000, 0.000000;;,
      55;4;-0.707107, 0.707107, 0.000000, 0.000000;;,
      56;4;-0.707107, 0.707107, 0.000000, 0.000000;;,
      57;4;-0.707107, 0.707107, 0.000000, 0.000000;;,
      58;4;-0.707107, 0.707107, 0.000000, 0.000000;;,
      59;4;-0.707107, 0.707107, 0.000000, 0.000000;;,
      60;4;-0.707107, 0.707107, 0.000000, 0.000000;;,
      61;4;-0.707107, 0.707107, 0.000000, 0.000000;;,
      62;4;-0.707107, 0.707107, 0.000000, 0.000000;;,
      63;4;-0.707107, 0.707107, 0.000000, 0.000000;;,
      64;4;-0.707107, 0.707107, 0.000000, 0.000000;;,
      65;4;-0.707107, 0.707107, 0.000000, 0.000000;;,
      66;4;-0.707107, 0.707107, 0.000000, 0.000000;;,
      67;4;-0.707107, 0.707107, 0.000000, 0.000000;;,
