xof 0303txt 0032

template XSkinMeshHeader {
  <3cf169ce-ff7c-44ab-93c0-f78f62d172e2>
  WORD nMaxSkinWeightsPerVertex;
  WORD nMaxSkinWeightsPerFace;
  WORD nBones;
}

template SkinWeights {
  <6f0d123b-bad2-4167-a0d0-80224f25fabb>
  STRING transformNodeName;
  DWORD nWeights;
  array DWORD vertexIndices[nWeights];
  array float weights[nWeights];
  Matrix4x4 matrixOffset;
}

Frame Root {
  FrameTransformMatrix {
     1.000000, 0.000000, 0.000000, 0.000000,
     0.000000,-0.000000,-1.000000, 0.000000,
     0.000000, 1.000000,-0.000000, 0.000000,
     0.000000, 0.000000, 0.000000, 1.000000;;
  }
  Frame ROBOT_SOLDIER_RIG {
    FrameTransformMatrix {
       0.100000, 0.000000, 0.000000, 0.000000,
       0.000000,-0.000000, 0.100000, 0.000000,
       0.000000,-0.100000,-0.000000, 0.000000,
       0.000000, 0.000000, 0.000000, 1.000000;;
    }
    Frame ROBOT_SOLDIER_RIG_Hips {
      FrameTransformMatrix {
         0.411315,-0.054389, 0.909869, 0.000000,
         0.171263, 0.985051,-0.018538, 0.000000,
        -0.895259, 0.163452, 0.414481, 0.000000,
         2.847633,81.018173, 1.671964, 1.000000;;
      }
      Frame ROBOT_SOLDIER_RIG_LeftUpLeg {
        FrameTransformMatrix {
           0.213998, 0.393679,-0.893992, 0.000000,
           0.915413,-0.400227, 0.042881, 0.000000,
          -0.340918,-0.827548,-0.446026, 0.000000,
          12.894802,-9.482507,-0.055402, 1.000000;;
        }
        Frame ROBOT_SOLDIER_RIG_LeftLeg {
          FrameTransformMatrix {
             0.988552, 0.117205, 0.095019, 0.000000,
            -0.058696,-0.281420, 0.957788, 0.000000,
             0.138998,-0.952400,-0.271318, 0.000000,
             0.244705,40.595398, 0.516996, 1.000000;;
          }
          Frame ROBOT_SOLDIER_RIG_LeftFoot {
            FrameTransformMatrix {
               0.979169, 0.083990,-0.184860, 0.000000,
              -0.201782, 0.301061,-0.932012, 0.000000,
              -0.022625, 0.949899, 0.311737, 0.000000,
              -0.244702,42.047997, 2.057597, 1.000000;;
            }
            Frame ROBOT_SOLDIER_RIG_LeftToeBase {
              FrameTransformMatrix {
                 0.999693,-0.003218,-0.024561, 0.000000,
                -0.001314, 0.983241,-0.182305, 0.000000,
                 0.024736, 0.182282, 0.982935, 0.000000,
                 0.373400,12.640703,10.492206, 1.000000;;
              }
              Frame ROBOT_SOLDIER_RIG_LeftToe_End {
                FrameTransformMatrix {
                   1.000000, 0.000000,-0.000000, 0.000000,
                  -0.000000,-0.000000,-1.000000, 0.000000,
                  -0.000000, 1.000000, 0.000000, 0.000000,
                   0.000000, 9.992499,-0.000002, 1.000000;;
                }
                Frame ROBOT_SOLDIER_RIG_LeftToe_End_end {
                  FrameTransformMatrix {
                     1.000000, 0.000000,-0.000000, 0.000000,
                    -0.000000, 1.000000, 0.000000, 0.000000,
                     0.000000,-0.000000, 1.000000, 0.000000,
                     0.000002, 9.992502,-0.000001, 1.000000;;
                  }
                } // End of ROBOT_SOLDIER_RIG_LeftToe_End_end
              } // End of ROBOT_SOLDIER_RIG_LeftToe_End
            } // End of ROBOT_SOLDIER_RIG_LeftToeBase
          } // End of ROBOT_SOLDIER_RIG_LeftFoot
        } // End of ROBOT_SOLDIER_RIG_LeftLeg
      } // End of ROBOT_SOLDIER_RIG_LeftUpLeg
      Frame ROBOT_SOLDIER_RIG_RightUpLeg {
        FrameTransformMatrix {
           0.932929,-0.057259,-0.355479, 0.000000,
           0.202737,-0.732361, 0.650035, 0.000000,
          -0.297559,-0.678505,-0.671632, 0.000000,
          -12.894801,-9.482503,-0.055401, 1.000000;;
        }
        Frame ROBOT_SOLDIER_RIG_RightLeg {
          FrameTransformMatrix {
             0.994090, 0.086864, 0.065119, 0.000000,
            -0.040689,-0.257996, 0.965289, 0.000000,
             0.100649,-0.962233,-0.252937, 0.000000,
            -0.244699,40.595394, 0.517002, 1.000000;;
          }
          Frame ROBOT_SOLDIER_RIG_RightFoot {
            FrameTransformMatrix {
               0.887191,-0.459954,-0.036528, 0.000000,
              -0.375556,-0.673866,-0.636288, 0.000000,
               0.268049, 0.578227,-0.770586, 0.000000,
               0.244698,42.048004, 2.057600, 1.000000;;
            }
            Frame ROBOT_SOLDIER_RIG_RightToeBase {
              FrameTransformMatrix {
                 0.999964, 0.003314,-0.007762, 0.000000,
                -0.003317, 0.999994,-0.000388, 0.000000,
                 0.007760, 0.000413, 0.999970, 0.000000,
                -0.373404,12.640705,10.492200, 1.000000;;
              }
              Frame ROBOT_SOLDIER_RIG_RightToe_End {
                FrameTransformMatrix {
                   1.000000, 0.000000, 0.000000, 0.000000,
                   0.000000,-0.000000,-1.000000, 0.000000,
                  -0.000000, 1.000000,-0.000000, 0.000000,
                  -0.000001, 9.992503, 0.000000, 1.000000;;
                }
                Frame ROBOT_SOLDIER_RIG_RightToe_End_end {
                  FrameTransformMatrix {
                     1.000000, 0.000000,-0.000000, 0.000000,
                     0.000000, 1.000000, 0.000000, 0.000000,
                     0.000000,-0.000000, 1.000000, 0.000000,
                     0.000002, 9.992500, 0.000002, 1.000000;;
                  }
                } // End of ROBOT_SOLDIER_RIG_RightToe_End_end
              } // End of ROBOT_SOLDIER_RIG_RightToe_End
            } // End of ROBOT_SOLDIER_RIG_RightToeBase
          } // End of ROBOT_SOLDIER_RIG_RightFoot
        } // End of ROBOT_SOLDIER_RIG_RightLeg
      } // End of ROBOT_SOLDIER_RIG_RightUpLeg
      Frame ROBOT_SOLDIER_RIG_Spine {
        FrameTransformMatrix {
           0.997724, 0.063796, 0.021866, 0.000000,
          -0.067084, 0.972087, 0.224826, 0.000000,
          -0.006912,-0.225781, 0.974154, 0.000000,
           0.000001,13.395803,-1.227301, 1.000000;;
        }
        Frame ROBOT_SOLDIER_RIG_Spine1 {
          FrameTransformMatrix {
             0.995910,-0.089521, 0.012192, 0.000000,
             0.073390, 0.880289, 0.468728, 0.000000,
            -0.052694,-0.465916, 0.883259, 0.000000,
            -0.000100,13.655700,-1.422301, 1.000000;;
          }
          Frame ROBOT_SOLDIER_RIG_Spine2 {
            FrameTransformMatrix {
               0.993992,-0.094088, 0.055924, 0.000000,
               0.056485, 0.878595, 0.474216, 0.000000,
              -0.093752,-0.468208, 0.878630, 0.000000,
               0.000100,13.360205,-1.626504, 1.000000;;
            }
            Frame ROBOT_SOLDIER_RIG_LeftShoulder {
              FrameTransformMatrix {
                -0.839829, 0.442093,-0.315024, 0.000000,
                 0.517529, 0.827216,-0.218807, 0.000000,
                 0.163860,-0.346795,-0.923517, 0.000000,
                21.496599, 2.870895, 0.705605, 1.000000;;
              }
              Frame ROBOT_SOLDIER_RIG_LeftArm {
                FrameTransformMatrix {
                   0.621394, 0.770135,-0.144089, 0.000000,
                  -0.734578, 0.508693,-0.449028, 0.000000,
                  -0.272515, 0.384867, 0.881823, 0.000000,
                   0.690181,12.977997, 1.526496, 1.000000;;
                }
                Frame ROBOT_SOLDIER_RIG_LeftForeArm {
                  FrameTransformMatrix {
                     0.427429,-0.898014, 0.104288, 0.000000,
                     0.890027, 0.438228, 0.125727, 0.000000,
                    -0.158606, 0.039079, 0.986568, 0.000000,
                    -0.028201,31.225204, 0.000015, 1.000000;;
                  }
                  Frame ROBOT_SOLDIER_RIG_LeftHand {
                    FrameTransformMatrix {
                      -0.782434,-0.512826,-0.353280, 0.000000,
                      -0.399218, 0.848465,-0.347465, 0.000000,
                       0.477935,-0.130833,-0.868597, 0.000000,
                      -0.000000,31.363213, 0.000002, 1.000000;;
                    }
                    Frame ROBOT_SOLDIER_RIG_LeftHandIndex1 {
                      FrameTransformMatrix {
                         0.802415, 0.588370,-0.099754, 0.000000,
                        -0.594991, 0.801654,-0.057752, 0.000000,
                         0.045989, 0.105694, 0.993334, 0.000000,
                         0.151809,13.672689,-4.666802, 1.000000;;
                      }
                      Frame ROBOT_SOLDIER_RIG_LeftHandIndex2 {
                        FrameTransformMatrix {
                           0.490034, 0.857769, 0.155239, 0.000000,
                          -0.867702, 0.497031,-0.007303, 0.000000,
                          -0.083422,-0.131122, 0.987850, 0.000000,
                          -0.000006, 5.537901, 0.000007, 1.000000;;
                        }
                        Frame ROBOT_SOLDIER_RIG_LeftHandIndex3 {
                          FrameTransformMatrix {
                             0.913648, 0.406291, 0.013200, 0.000000,
                            -0.406291, 0.911631, 0.062108, 0.000000,
                             0.013200,-0.062108, 0.997982, 0.000000,
                             0.000002, 4.575098,-0.000002, 1.000000;;
                          }
                          Frame ROBOT_SOLDIER_RIG_LeftHandIndex4 {
                            FrameTransformMatrix {
                              -0.000002, 1.000000, 0.000000, 0.000000,
                               1.000000, 0.000002,-0.000000, 0.000000,
                              -0.000000,-0.000000,-1.000000, 0.000000,
                              -0.000008, 4.102980,-0.000008, 1.000000;;
                            }
                            Frame ROBOT_SOLDIER_RIG_LeftHandIndex4_end {
                              FrameTransformMatrix {
                                 1.000000, 0.000002, 0.000000, 0.000000,
                                -0.000002, 1.000000,-0.000000, 0.000000,
                                -0.000000,-0.000000, 1.000000, 0.000000,
                                -0.000017, 4.103001,-0.000004, 1.000000;;
                              }
                            } // End of ROBOT_SOLDIER_RIG_LeftHandIndex4_end
                          } // End of ROBOT_SOLDIER_RIG_LeftHandIndex4
                        } // End of ROBOT_SOLDIER_RIG_LeftHandIndex3
                      } // End of ROBOT_SOLDIER_RIG_LeftHandIndex2
                    } // End of ROBOT_SOLDIER_RIG_LeftHandIndex1
                    Frame ROBOT_SOLDIER_RIG_LeftHandMiddle1 {
                      FrameTransformMatrix {
                         0.614655, 0.788338, 0.026853, 0.000000,
                        -0.787647, 0.615241,-0.033028, 0.000000,
                        -0.042559,-0.000850, 0.999093, 0.000000,
                         0.130704,13.845889,-1.509803, 1.000000;;
                      }
                      Frame ROBOT_SOLDIER_RIG_LeftHandMiddle2 {
                        FrameTransformMatrix {
                           0.427066, 0.897552, 0.109609, 0.000000,
                          -0.902752, 0.416325, 0.108221, 0.000000,
                           0.051501,-0.145167, 0.988066, 0.000000,
                           0.000017, 6.632605, 0.000006, 1.000000;;
                        }
                        Frame ROBOT_SOLDIER_RIG_LeftHandMiddle3 {
                          FrameTransformMatrix {
                             0.952702, 0.303810, 0.007650, 0.000000,
                            -0.303810, 0.951465, 0.049137, 0.000000,
                             0.007650,-0.049137, 0.998763, 0.000000,
                            -0.000004, 4.460314, 0.000004, 1.000000;;
                          }
                          Frame ROBOT_SOLDIER_RIG_LeftHandMiddle4 {
                            FrameTransformMatrix {
                              -0.000002, 1.000000, 0.000000, 0.000000,
                               1.000000, 0.000001,-0.000000, 0.000000,
                              -0.000000, 0.000000,-1.000000, 0.000000,
                              -0.000004, 4.718589, 0.000011, 1.000000;;
                            }
                            Frame ROBOT_SOLDIER_RIG_LeftHandMiddle4_end {
                              FrameTransformMatrix {
                                 1.000000, 0.000002, 0.000000, 0.000000,
                                -0.000002, 1.000000, 0.000000, 0.000000,
                                -0.000000,-0.000000, 1.000000, 0.000000,
                                 0.000010, 4.718599,-0.000011, 1.000000;;
                              }
                            } // End of ROBOT_SOLDIER_RIG_LeftHandMiddle4_end
                          } // End of ROBOT_SOLDIER_RIG_LeftHandMiddle4
                        } // End of ROBOT_SOLDIER_RIG_LeftHandMiddle3
                      } // End of ROBOT_SOLDIER_RIG_LeftHandMiddle2
                    } // End of ROBOT_SOLDIER_RIG_LeftHandMiddle1
                    Frame ROBOT_SOLDIER_RIG_LeftHandPinky1 {
                      FrameTransformMatrix {
                         0.222697, 0.901781, 0.370400, 0.000000,
                        -0.942515, 0.296254,-0.154590, 0.000000,
                        -0.249139,-0.314681, 0.915918, 0.000000,
                        -0.226392,13.950787, 4.916307, 1.000000;;
                      }
                      Frame ROBOT_SOLDIER_RIG_LeftHandPinky2 {
                        FrameTransformMatrix {
                           0.520338, 0.844864, 0.124311, 0.000000,
                          -0.803274, 0.434836, 0.407023, 0.000000,
                           0.289824,-0.311646, 0.904919, 0.000000,
                          -0.000008, 4.251003, 0.000013, 1.000000;;
                        }
                        Frame ROBOT_SOLDIER_RIG_LeftHandPinky3 {
                          FrameTransformMatrix {
                             0.973904, 0.226757, 0.009626, 0.000000,
                            -0.226757, 0.970353, 0.083644, 0.000000,
                             0.009626,-0.083644, 0.996449, 0.000000,
                            -0.000004, 2.821098,-0.000019, 1.000000;;
                          }
                          Frame ROBOT_SOLDIER_RIG_LeftHandPinky4 {
                            FrameTransformMatrix {
                              -0.000002, 1.000000, 0.000000, 0.000000,
                               1.000000, 0.000002,-0.000000, 0.000000,
                              -0.000000, 0.000000,-1.000000, 0.000000,
                              -0.000010, 3.367097, 0.000008, 1.000000;;
                            }
                            Frame ROBOT_SOLDIER_RIG_LeftHandPinky4_end {
                              FrameTransformMatrix {
                                 1.000000, 0.000002, 0.000000, 0.000000,
                                -0.000002, 1.000000,-0.000000, 0.000000,
                                -0.000000, 0.000000, 1.000000, 0.000000,
                                -0.000010, 3.367090,-0.000002, 1.000000;;
                              }
                            } // End of ROBOT_SOLDIER_RIG_LeftHandPinky4_end
                          } // End of ROBOT_SOLDIER_RIG_LeftHandPinky4
                        } // End of ROBOT_SOLDIER_RIG_LeftHandPinky3
                      } // End of ROBOT_SOLDIER_RIG_LeftHandPinky2
                    } // End of ROBOT_SOLDIER_RIG_LeftHandPinky1
                    Frame ROBOT_SOLDIER_RIG_LeftHandRing1 {
                      FrameTransformMatrix {
                         0.477426, 0.854327, 0.205402, 0.000000,
                        -0.868072, 0.494799,-0.040311, 0.000000,
                        -0.136072,-0.159058, 0.977847, 0.000000,
                         0.009906,14.372690, 1.887002, 1.000000;;
                      }
                      Frame ROBOT_SOLDIER_RIG_LeftHandRing2 {
                        FrameTransformMatrix {
                           0.355251, 0.922716, 0.149637, 0.000000,
                          -0.910500, 0.305323, 0.278869, 0.000000,
                           0.211629,-0.235313, 0.948599, 0.000000,
                           0.000005, 5.069500, 0.000003, 1.000000;;
                        }
                        Frame ROBOT_SOLDIER_RIG_LeftHandRing3 {
                          FrameTransformMatrix {
                             0.905940, 0.422727, 0.023987, 0.000000,
                            -0.422727, 0.899822, 0.107805, 0.000000,
                             0.023988,-0.107805, 0.993883, 0.000000,
                             0.000008, 3.781893,-0.000002, 1.000000;;
                          }
                          Frame ROBOT_SOLDIER_RIG_LeftHandRing4 {
                            FrameTransformMatrix {
                               0.000000, 1.000000, 0.000000, 0.000000,
                               1.000000,-0.000000,-0.000000, 0.000000,
                              -0.000000,-0.000000,-1.000000, 0.000000,
                               0.000008, 3.803995, 0.000010, 1.000000;;
                            }
                            Frame ROBOT_SOLDIER_RIG_LeftHandRing4_end {
                              FrameTransformMatrix {
                                 1.000000,-0.000000, 0.000000, 0.000000,
                                 0.000000, 1.000000, 0.000000, 0.000000,
                                -0.000000,-0.000000, 1.000000, 0.000000,
                                -0.000006, 3.803989,-0.000004, 1.000000;;
                              }
                            } // End of ROBOT_SOLDIER_RIG_LeftHandRing4_end
                          } // End of ROBOT_SOLDIER_RIG_LeftHandRing4
                        } // End of ROBOT_SOLDIER_RIG_LeftHandRing3
                      } // End of ROBOT_SOLDIER_RIG_LeftHandRing2
                    } // End of ROBOT_SOLDIER_RIG_LeftHandRing1
                    Frame ROBOT_SOLDIER_RIG_LeftHandThumb1 {
                      FrameTransformMatrix {
                         0.998738,-0.043780,-0.024628, 0.000000,
                         0.046391, 0.991932, 0.117976, 0.000000,
                         0.019264,-0.118970, 0.992711, 0.000000,
                        -1.552597, 6.978188,-6.581905, 1.000000;;
                      }
                      Frame ROBOT_SOLDIER_RIG_LeftHandThumb2 {
                        FrameTransformMatrix {
                           0.942507,-0.151886,-0.297676, 0.000000,
                           0.128484, 0.986977,-0.096786, 0.000000,
                           0.308500, 0.052975, 0.949748, 0.000000,
                          -1.822109, 3.180307,-2.029407, 1.000000;;
                        }
                        Frame ROBOT_SOLDIER_RIG_LeftHandThumb3 {
                          FrameTransformMatrix {
                             0.997113,-0.028342, 0.070439, 0.000000,
                             0.037994, 0.989463,-0.139715, 0.000000,
                            -0.065737, 0.141988, 0.987683, 0.000000,
                            -1.959711, 3.394394,-1.959790, 1.000000;;
                          }
                          Frame ROBOT_SOLDIER_RIG_LeftHandThumb4 {
                            FrameTransformMatrix {
                              -0.000001, 1.000000,-0.000000, 0.000000,
                               1.000000, 0.000001,-0.000000, 0.000000,
                              -0.000000,-0.000000,-1.000000, 0.000000,
                              -1.725109, 2.907599,-1.817301, 1.000000;;
                            }
                            Frame ROBOT_SOLDIER_RIG_LeftHandThumb4_end {
                              FrameTransformMatrix {
                                 1.000000, 0.000000, 0.000000, 0.000000,
                                -0.000000, 1.000000,-0.000000, 0.000000,
                                 0.000000, 0.000000, 1.000000, 0.000000,
                                -0.000001, 3.838304, 0.000002, 1.000000;;
                              }
                            } // End of ROBOT_SOLDIER_RIG_LeftHandThumb4_end
                          } // End of ROBOT_SOLDIER_RIG_LeftHandThumb4
                        } // End of ROBOT_SOLDIER_RIG_LeftHandThumb3
                      } // End of ROBOT_SOLDIER_RIG_LeftHandThumb2
                    } // End of ROBOT_SOLDIER_RIG_LeftHandThumb1
                  } // End of ROBOT_SOLDIER_RIG_LeftHand
                } // End of ROBOT_SOLDIER_RIG_LeftForeArm
              } // End of ROBOT_SOLDIER_RIG_LeftArm
            } // End of ROBOT_SOLDIER_RIG_LeftShoulder
            Frame ROBOT_SOLDIER_RIG_Neck {
              FrameTransformMatrix {
                 0.966973,-0.125293,-0.221958, 0.000000,
                 0.120742, 0.992101,-0.034011, 0.000000,
                 0.224466, 0.006088, 0.974463, 0.000000,
                -0.000000, 9.786894, 0.792905, 1.000000;;
              }
              Frame ROBOT_SOLDIER_RIG_Head {
                FrameTransformMatrix {
                   0.753610, 0.091214,-0.650962, 0.000000,
                  -0.195663, 0.976562,-0.089679, 0.000000,
                   0.627525, 0.194952, 0.753795, 0.000000,
                  -0.000002, 7.234009,-1.138422, 1.000000;;
                }
                Frame ROBOT_SOLDIER_RIG_HeadTop_End {
                  FrameTransformMatrix {
                     1.000000, 0.000001,-0.000000, 0.000000,
                    -0.000001, 1.000000, 0.000001, 0.000000,
                     0.000000,-0.000001, 1.000000, 0.000000,
                     0.000207,30.054070, 4.109997, 1.000000;;
                  }
                  Frame ROBOT_SOLDIER_RIG_HeadTop_End_end {
                    FrameTransformMatrix {
                       1.000000,-0.000000, 0.000000, 0.000000,
                       0.000000, 1.000000,-0.000000, 0.000000,
                      -0.000000, 0.000000, 1.000000, 0.000000,
                      -0.000002,30.333656, 0.000007, 1.000000;;
                    }
                  } // End of ROBOT_SOLDIER_RIG_HeadTop_End_end
                } // End of ROBOT_SOLDIER_RIG_HeadTop_End
              } // End of ROBOT_SOLDIER_RIG_Head
            } // End of ROBOT_SOLDIER_RIG_Neck
            Frame ROBOT_SOLDIER_RIG_RightShoulder {
              FrameTransformMatrix {
                 0.292426, 0.787638,-0.542322, 0.000000,
                -0.951903, 0.294001,-0.086285, 0.000000,
                 0.091481, 0.541469, 0.835728, 0.000000,
                -21.496601, 2.870693, 0.705598, 1.000000;;
              }
              Frame ROBOT_SOLDIER_RIG_RightArm {
                FrameTransformMatrix {
                   0.883366, 0.420082, 0.207837, 0.000000,
                  -0.084982,-0.292534, 0.952472, 0.000000,
                   0.460916,-0.859043,-0.222715, 0.000000,
                   0.690016,12.978006,-1.526510, 1.000000;;
                }
                Frame ROBOT_SOLDIER_RIG_RightForeArm {
                  FrameTransformMatrix {
                     0.941016,-0.158974,-0.298691, 0.000000,
                     0.276323,-0.148410, 0.949537, 0.000000,
                    -0.195281,-0.976064,-0.095728, 0.000000,
                    -0.027997,31.225111, 0.000004, 1.000000;;
                  }
                  Frame ROBOT_SOLDIER_RIG_RightHand {
                    FrameTransformMatrix {
                       0.561297,-0.458365,-0.689092, 0.000000,
                      -0.093428, 0.792208,-0.603056, 0.000000,
                       0.822324, 0.402874, 0.401839, 0.000000,
                      -0.000006,31.363316,-0.000010, 1.000000;;
                    }
                    Frame ROBOT_SOLDIER_RIG_RightHandIndex1 {
                      FrameTransformMatrix {
                         0.978325, 0.202922, 0.041269, 0.000000,
                        -0.206807, 0.967618, 0.144730, 0.000000,
                        -0.010564,-0.150128, 0.988610, 0.000000,
                         0.151995,13.673012, 4.666801, 1.000000;;
                      }
                      Frame ROBOT_SOLDIER_RIG_RightHandIndex2 {
                        FrameTransformMatrix {
                           0.838502, 0.543855,-0.033709, 0.000000,
                          -0.544363, 0.838815,-0.007586, 0.000000,
                           0.024150, 0.024711, 0.999403, 0.000000,
                          -0.000004, 5.537992,-0.000005, 1.000000;;
                        }
                        Frame ROBOT_SOLDIER_RIG_RightHandIndex3 {
                          FrameTransformMatrix {
                             0.867609, 0.497211,-0.006015, 0.000000,
                            -0.497211, 0.867335,-0.022592, 0.000000,
                            -0.006016, 0.022591, 0.999727, 0.000000,
                             0.000001, 4.575008,-0.000001, 1.000000;;
                          }
                          Frame ROBOT_SOLDIER_RIG_RightHandIndex4 {
                            FrameTransformMatrix {
                               0.000002,-1.000000,-0.000000, 0.000000,
                               1.000000, 0.000002, 0.000000, 0.000000,
                              -0.000000,-0.000000, 1.000000, 0.000000,
                               0.000004, 4.103005,-0.000005, 1.000000;;
                            }
                            Frame ROBOT_SOLDIER_RIG_RightHandIndex4_end {
                              FrameTransformMatrix {
                                 1.000000,-0.000002, 0.000000, 0.000000,
                                 0.000002, 1.000000, 0.000000, 0.000000,
                                -0.000000,-0.000000, 1.000000, 0.000000,
                                 0.000000, 4.102999,-0.000005, 1.000000;;
                              }
                            } // End of ROBOT_SOLDIER_RIG_RightHandIndex4_end
                          } // End of ROBOT_SOLDIER_RIG_RightHandIndex4
                        } // End of ROBOT_SOLDIER_RIG_RightHandIndex3
                      } // End of ROBOT_SOLDIER_RIG_RightHandIndex2
                    } // End of ROBOT_SOLDIER_RIG_RightHandIndex1
                    Frame ROBOT_SOLDIER_RIG_RightHandMiddle1 {
                      FrameTransformMatrix {
                         0.629983, 0.770423, 0.097820, 0.000000,
                        -0.772311, 0.634740,-0.025311, 0.000000,
                        -0.081590,-0.059602, 0.994882, 0.000000,
                         0.130995,13.846013, 1.509812, 1.000000;;
                      }
                      Frame ROBOT_SOLDIER_RIG_RightHandMiddle2 {
                        FrameTransformMatrix {
                          -0.350955, 0.922322,-0.161720, 0.000000,
                          -0.935484,-0.352952, 0.017173, 0.000000,
                          -0.041241, 0.157313, 0.986687, 0.000000,
                          -0.000001, 6.632003,-0.000013, 1.000000;;
                        }
                        Frame ROBOT_SOLDIER_RIG_RightHandMiddle3 {
                          FrameTransformMatrix {
                             0.947894, 0.318462,-0.008887, 0.000000,
                            -0.318462, 0.946378,-0.054317, 0.000000,
                            -0.008887, 0.054318, 0.998484, 0.000000,
                             0.000002, 4.460991,-0.000007, 1.000000;;
                          }
                          Frame ROBOT_SOLDIER_RIG_RightHandMiddle4 {
                            FrameTransformMatrix {
                               0.000000,-1.000000, 0.000000, 0.000000,
                               1.000000, 0.000000, 0.000000, 0.000000,
                              -0.000000, 0.000000, 1.000000, 0.000000,
                              -0.000003, 4.717998, 0.000004, 1.000000;;
                            }
                            Frame ROBOT_SOLDIER_RIG_RightHandMiddle4_end {
                              FrameTransformMatrix {
                                 1.000000,-0.000000, 0.000000, 0.000000,
                                 0.000000, 1.000000, 0.000000, 0.000000,
                                -0.000000,-0.000000, 1.000000, 0.000000,
                                 0.000004, 4.717997, 0.000004, 1.000000;;
                              }
                            } // End of ROBOT_SOLDIER_RIG_RightHandMiddle4_end
                          } // End of ROBOT_SOLDIER_RIG_RightHandMiddle4
                        } // End of ROBOT_SOLDIER_RIG_RightHandMiddle3
                      } // End of ROBOT_SOLDIER_RIG_RightHandMiddle2
                    } // End of ROBOT_SOLDIER_RIG_RightHandMiddle1
                    Frame ROBOT_SOLDIER_RIG_RightHandPinky1 {
                      FrameTransformMatrix {
                         0.388929, 0.886865,-0.249409, 0.000000,
                        -0.896056, 0.427060, 0.121257, 0.000000,
                         0.214052, 0.176324, 0.960777, 0.000000,
                        -0.226011,13.951015,-4.916294, 1.000000;;
                      }
                      Frame ROBOT_SOLDIER_RIG_RightHandPinky2 {
                        FrameTransformMatrix {
                           0.180837, 0.974005,-0.136424, 0.000000,
                          -0.936748, 0.128309,-0.325638, 0.000000,
                          -0.299669, 0.186682, 0.935601, 0.000000,
                          -0.000005, 4.251007, 0.000006, 1.000000;;
                        }
                        Frame ROBOT_SOLDIER_RIG_RightHandPinky3 {
                          FrameTransformMatrix {
                             0.519716, 0.849365,-0.092053, 0.000000,
                            -0.849365, 0.502072,-0.162793, 0.000000,
                            -0.092053, 0.162793, 0.982357, 0.000000,
                            -0.000003, 2.820987,-0.000004, 1.000000;;
                          }
                          Frame ROBOT_SOLDIER_RIG_RightHandPinky4 {
                            FrameTransformMatrix {
                               0.000000,-1.000000, 0.000000, 0.000000,
                               1.000000, 0.000000,-0.000000, 0.000000,
                               0.000000, 0.000000, 1.000000, 0.000000,
                              -0.000001, 3.367003,-0.000003, 1.000000;;
                            }
                            Frame ROBOT_SOLDIER_RIG_RightHandPinky4_end {
                              FrameTransformMatrix {
                                 1.000000,-0.000000,-0.000000, 0.000000,
                                 0.000000, 1.000000, 0.000000, 0.000000,
                                -0.000000,-0.000000, 1.000000, 0.000000,
                                 0.000004, 3.367001,-0.000010, 1.000000;;
                              }
                            } // End of ROBOT_SOLDIER_RIG_RightHandPinky4_end
                          } // End of ROBOT_SOLDIER_RIG_RightHandPinky4
                        } // End of ROBOT_SOLDIER_RIG_RightHandPinky3
                      } // End of ROBOT_SOLDIER_RIG_RightHandPinky2
                    } // End of ROBOT_SOLDIER_RIG_RightHandPinky1
                    Frame ROBOT_SOLDIER_RIG_RightHandRing1 {
                      FrameTransformMatrix {
                         0.511745, 0.831383,-0.216609, 0.000000,
                        -0.831792, 0.542555, 0.117286, 0.000000,
                         0.215032, 0.120153, 0.969187, 0.000000,
                         0.009995,14.373013,-1.886894, 1.000000;;
                      }
                      Frame ROBOT_SOLDIER_RIG_RightHandRing2 {
                        FrameTransformMatrix {
                          -0.097459, 0.964001,-0.247393, 0.000000,
                          -0.941203,-0.170069,-0.291914, 0.000000,
                          -0.323479, 0.204397, 0.923895, 0.000000,
                           0.000002, 5.068997,-0.000005, 1.000000;;
                        }
                        Frame ROBOT_SOLDIER_RIG_RightHandRing3 {
                          FrameTransformMatrix {
                             0.650449, 0.755926,-0.074115, 0.000000,
                            -0.755926, 0.634734,-0.160279, 0.000000,
                            -0.074115, 0.160278, 0.984286, 0.000000,
                             0.000001, 3.782000,-0.000005, 1.000000;;
                          }
                          Frame ROBOT_SOLDIER_RIG_RightHandRing4 {
                            FrameTransformMatrix {
                               0.000000,-1.000000, 0.000000, 0.000000,
                               1.000000, 0.000000, 0.000000, 0.000000,
                              -0.000000, 0.000000, 1.000000, 0.000000,
                               0.000004, 3.804008,-0.000002, 1.000000;;
                            }
                            Frame ROBOT_SOLDIER_RIG_RightHandRing4_end {
                              FrameTransformMatrix {
                                 1.000000,-0.000000, 0.000000, 0.000000,
                                -0.000000, 1.000000,-0.000000, 0.000000,
                                 0.000000, 0.000000, 1.000000, 0.000000,
                                 0.000002, 3.804008, 0.000004, 1.000000;;
                              }
                            } // End of ROBOT_SOLDIER_RIG_RightHandRing4_end
                          } // End of ROBOT_SOLDIER_RIG_RightHandRing4
                        } // End of ROBOT_SOLDIER_RIG_RightHandRing3
                      } // End of ROBOT_SOLDIER_RIG_RightHandRing2
                    } // End of ROBOT_SOLDIER_RIG_RightHandRing1
                    Frame ROBOT_SOLDIER_RIG_RightHandThumb1 {
                      FrameTransformMatrix {
                         0.976615, 0.186371, 0.107189, 0.000000,
                        -0.181980, 0.982057,-0.049469, 0.000000,
                        -0.114485, 0.028806, 0.993007, 0.000000,
                        -1.552007, 6.978013, 6.581917, 1.000000;;
                      }
                      Frame ROBOT_SOLDIER_RIG_RightHandThumb2 {
                        FrameTransformMatrix {
                           0.656946,-0.400050, 0.639047, 0.000000,
                           0.456535, 0.885627, 0.085090, 0.000000,
                          -0.599998, 0.235848, 0.764446, 0.000000,
                          -1.823003, 3.180003, 2.029407, 1.000000;;
                        }
                        Frame ROBOT_SOLDIER_RIG_RightHandThumb3 {
                          FrameTransformMatrix {
                             0.882440,-0.039950, 0.468725, 0.000000,
                             0.403996, 0.574835,-0.711584, 0.000000,
                            -0.241012, 0.817294, 0.523397, 0.000000,
                            -1.959006, 3.395009, 1.959801, 1.000000;;
                          }
                          Frame ROBOT_SOLDIER_RIG_RightHandThumb4 {
                            FrameTransformMatrix {
                               0.000001,-1.000000,-0.000000, 0.000000,
                               1.000000, 0.000001,-0.000000, 0.000000,
                               0.000000,-0.000000, 1.000000, 0.000000,
                              -1.724995, 2.907002, 1.817409, 1.000000;;
                            }
                            Frame ROBOT_SOLDIER_RIG_RightHandThumb4_end {
                              FrameTransformMatrix {
                                 1.000000, 0.000000,-0.000000, 0.000000,
                                -0.000000, 1.000000, 0.000001, 0.000000,
                                 0.000000,-0.000001, 1.000000, 0.000000,
                                 0.000000, 3.837813,-0.000004, 1.000000;;
                              }
                            } // End of ROBOT_SOLDIER_RIG_RightHandThumb4_end
                          } // End of ROBOT_SOLDIER_RIG_RightHandThumb4
                        } // End of ROBOT_SOLDIER_RIG_RightHandThumb3
                      } // End of ROBOT_SOLDIER_RIG_RightHandThumb2
                    } // End of ROBOT_SOLDIER_RIG_RightHandThumb1
                  } // End of ROBOT_SOLDIER_RIG_RightHand
                } // End of ROBOT_SOLDIER_RIG_RightForeArm
              } // End of ROBOT_SOLDIER_RIG_RightArm
            } // End of ROBOT_SOLDIER_RIG_RightShoulder
          } // End of ROBOT_SOLDIER_RIG_Spine2
        } // End of ROBOT_SOLDIER_RIG_Spine1
      } // End of ROBOT_SOLDIER_RIG_Spine
    } // End of ROBOT_SOLDIER_RIG_Hips
  } // End of ROBOT_SOLDIER_RIG
} // End of Root
AnimationSet Global {
  Animation {
    {ROBOT_SOLDIER_RIG}
    AnimationKey { // Rotation
      0;
      186;
      0;4;-0.707107, 0.707107, 0.000000, 0.000000;;,
      1;4;-0.707107, 0.707107, 0.000000, 0.000000;;,
      2;4;-0.707107, 0.707107, 0.000000, 0.000000;;,
      3;4;-0.707107, 0.707107, 0.000000, 0.000000;;,
      4;4;-0.707107, 0.707107, 0.000000, 0.000000;;,
      5;4;-0.707107, 0.707107, 0.000000, 0.000000;;,
      6;4;-0.707107, 0.707107, 0.000000, 0.000000;;,
      7;4;-0.707107, 0.707107, 0.000000, 0.000000;;,
      8;4;-0.707107, 0.707107, 0.000000, 0.000000;;,
      9;4;-0.707107, 0.707107, 0.000000, 0.000000;;,
      10;4;-0.707107, 0.707107, 0.000000, 0.000000;;,
      11;4;-0.707107, 0.707107, 0.000000, 0.000000;;,
      12;4;-0.707107, 0.707107, 0.000000, 0.000000;;,
      13;4;-0.707107, 0.707107, 0.000000, 0.000000;;,
      14;4;-0.707107, 0.707107, 0.000000, 0.000000;;,
      15;4;-0.707107, 0.707107, 0.000000, 0.000000;;,
      16;4;-0.707107, 0.707107, 0.000000, 0.000000;;,
      17;4;-0.707107, 0.707107, 0.000000, 0.000000;;,
      18;4;-0.707107, 0.707107, 0.000000, 0.000000;;,
      19;4;-0.707107, 0.707107, 0.000000, 0.000000;;,
      20;4;-0.707107, 0.707107, 0.000000, 0.000000;;,
      21;4;-0.707107, 0.707107, 0.000000, 0.000000;;,
      22;4;-0.707107, 0.707107, 0.000000, 0.000000;;,
      23;4;-0.707107, 0.707107, 0.000000, 0.000000;;,
      24;4;-0.707107, 0.707107, 0.000000, 0.000000;;,
      25;4;-0.707107, 0.707107, 0.000000, 0.000000;;,
      26;4;-0.707107, 0.707107, 0.000000, 0.000000;;,
      27;4;-0.707107, 0.707107, 0.000000, 0.000000;;,
      28;4;-0.707107, 0.707107, 0.000000, 0.000000;;,
      29;4;-0.707107, 0.707107, 0.000000, 0.000000;;,
      30;4;-0.707107, 0.707107, 0.000000, 0.000000;;,
      31;4;-0.707107, 0.707107, 0.000000, 0.000000;;,
      32;4;-0.707107, 0.707107, 0.000000, 0.000000;;,
      33;4;-0.707107, 0.707107, 0.000000, 0.000000;;,
      34;4;-0.707107, 0.707107, 0.000000, 0.000000;;,
      35;4;-0.707107, 0.707107, 0.000000, 0.000000;;,
      36;4;-0.707107, 0.707107, 0.000000, 0.000000;;,
      37;4;-0.707107, 0.707107, 0.000000, 0.000000;;,
      38;4;-0.707107, 0.707107, 0.000000, 0.000000;;,
      39;4;-0.707107, 0.707107, 0.000000, 0.000000;;,
      40;4;-0.707107, 0.707107, 0.000000, 0.000000;;,
      41;4;-0.707107, 0.707107, 0.000000, 0.000000;;,
      42;4;-0.707107, 0.707107, 0.000000, 0.000000;;,
      43;4;-0.707107, 0.707107, 0.000000, 0.000000;;,
      44;4;-0.707107, 0.707107, 0.000000, 0.000000;;,
      45;4;-0.707107, 0.707107, 0.000000, 0.000000;;,
      46;4;-0.707107, 0.707107, 0.000000, 0.000000;;,
      47;4;-0.707107, 0.707107, 0.000000, 0.000000;;,
      48;4;-0.707107, 0.707107, 0.000000, 0.000000;;,
      49;4;-0.707107, 0.707107, 0.000000, 0.000000;;,
      50;4;-0.707107, 0.707107, 0.000000, 0.000000;;,
      51;4;-0.707107, 0.707107, 0.000000, 0.000000;;,
      52;4;-0.707107, 0.707107, 0.000000, 0.000000;;,
      53;4;-0.707107, 0.707107, 0.000000, 0.000000;;,
      54;4;-0.707107, 0.707107, 0.000000, 0.000000;;,
      55;4;-0.707107, 0.707107, 0.000000, 0.000000;;,
      56;4;-0.707107, 0.707107, 0.000000, 0.000000;;,
      57;4;-0.707107, 0.707107, 0.000000, 0.000000;;,
      58;4;-0.707107, 0.707107, 0.000000, 0.000000;;,
      59;4;-0.707107, 0.707107, 0.000000, 0.000000;;,
      60;4;-0.707107, 0.707107, 0.000000, 0.000000;;,
      61;4;-0.707107, 0.707107, 0.000000, 0.000000;;,
      62;4;-0.707107, 0.707107, 0.000000, 0.000000;;,
      63;4;-0.707107, 0.707107, 0.000000, 0.000000;;,
      64;4;-0.707107, 0.707107, 0.000000, 0.000000;;,
      65;4;-0.707107, 0.707107, 0.000000, 0.000000;;,
      66;4;-0.707107, 0.707107, 0.000000, 0.000000;;,
      67;4;-0.707107, 0.707107, 0.000000, 0.000000;;,
