xof 0303txt 0032

template XSkinMeshHeader {
  <3cf169ce-ff7c-44ab-93c0-f78f62d172e2>
  WORD nMaxSkinWeightsPerVertex;
  WORD nMaxSkinWeightsPerFace;
  WORD nBones;
}

template SkinWeights {
  <6f0d123b-bad2-4167-a0d0-80224f25fabb>
  STRING transformNodeName;
  DWORD nWeights;
  array DWORD vertexIndices[nWeights];
  array float weights[nWeights];
  Matrix4x4 matrixOffset;
}

Frame Root {
  FrameTransformMatrix {
     1.000000, 0.000000, 0.000000, 0.000000,
     0.000000,-0.000000,-1.000000, 0.000000,
     0.000000, 1.000000,-0.000000, 0.000000,
     0.000000, 0.000000, 0.000000, 1.000000;;
  }
  Frame ROBOT_SOLDIER_RIG {
    FrameTransformMatrix {
       0.100000, 0.000000, 0.000000, 0.000000,
       0.000000,-0.000000, 0.100000, 0.000000,
       0.000000,-0.100000,-0.000000, 0.000000,
       0.000000, 0.000000, 0.000000, 1.000000;;
    }
    Frame ROBOT_SOLDIER_RIG_Hips {
      FrameTransformMatrix {
         0.816080, 0.038167, 0.576677, 0.000000,
        -0.102251, 0.991611, 0.079071, 0.000000,
        -0.568821,-0.123494, 0.813137, 0.000000,
        -4.786400,36.134796,-47.386375, 1.000000;;
      }
      Frame ROBOT_SOLDIER_RIG_LeftUpLeg {
        FrameTransformMatrix {
           0.371694, 0.117333,-0.920910, 0.000000,
          -0.573992,-0.750602,-0.327307, 0.000000,
          -0.729641, 0.650254,-0.211646, 0.000000,
          12.894800,-9.482499,-0.055403, 1.000000;;
        }
        Frame ROBOT_SOLDIER_RIG_LeftLeg {
          FrameTransformMatrix {
             0.926747,-0.180561,-0.329450, 0.000000,
             0.270164,-0.289059, 0.918399, 0.000000,
            -0.261058,-0.940129,-0.219103, 0.000000,
             0.244695,-40.595409,-0.516996, 1.000000;;
          }
          Frame ROBOT_SOLDIER_RIG_LeftFoot {
            FrameTransformMatrix {
               0.721312,-0.682373,-0.118648, 0.000000,
               0.563945, 0.479183, 0.672569, 0.000000,
              -0.402089,-0.552043, 0.730461, 0.000000,
              -0.244701,-42.048004,-2.057600, 1.000000;;
            }
            Frame ROBOT_SOLDIER_RIG_LeftToeBase {
              FrameTransformMatrix {
                 0.998865, 0.043470,-0.019480, 0.000000,
                -0.047339, 0.951398,-0.304305, 0.000000,
                 0.005305, 0.304881, 0.952376, 0.000000,
                 0.373398,-10.492210,12.640696, 1.000000;;
              }
              Frame ROBOT_SOLDIER_RIG_LeftToe_End {
                FrameTransformMatrix {
                   1.000000, 0.000000, 0.000000, 0.000000,
                  -0.000000, 1.000000, 0.000000, 0.000000,
                  -0.000000,-0.000000, 1.000000, 0.000000,
                  -0.000001, 0.000000, 9.992501, 1.000000;;
                }
                Frame ROBOT_SOLDIER_RIG_LeftToe_End_end {
                  FrameTransformMatrix {
                     1.000000,-0.000000,-0.000000, 0.000000,
                     0.000000, 1.000000, 0.000000, 0.000000,
                    -0.000000,-0.000000, 1.000000, 0.000000,
                    -0.000000, 9.992502, 0.000000, 1.000000;;
                  }
                } // End of ROBOT_SOLDIER_RIG_LeftToe_End_end
              } // End of ROBOT_SOLDIER_RIG_LeftToe_End
            } // End of ROBOT_SOLDIER_RIG_LeftToeBase
          } // End of ROBOT_SOLDIER_RIG_LeftFoot
        } // End of ROBOT_SOLDIER_RIG_LeftLeg
      } // End of ROBOT_SOLDIER_RIG_LeftUpLeg
      Frame ROBOT_SOLDIER_RIG_RightUpLeg {
        FrameTransformMatrix {
           0.642548, 0.671480, 0.369115, 0.000000,
           0.632627,-0.193091,-0.749999, 0.000000,
          -0.432337, 0.715423,-0.548867, 0.000000,
          -12.894802,-9.482502,-0.055400, 1.000000;;
        }
        Frame ROBOT_SOLDIER_RIG_RightLeg {
          FrameTransformMatrix {
             0.940583,-0.205591, 0.270252, 0.000000,
            -0.296587,-0.884952, 0.359022, 0.000000,
             0.165348,-0.417843,-0.893346, 0.000000,
            -0.244695,-40.595398,-0.516985, 1.000000;;
          }
          Frame ROBOT_SOLDIER_RIG_RightFoot {
            FrameTransformMatrix {
               0.769133,-0.604261, 0.208094, 0.000000,
               0.595984, 0.560613,-0.574906, 0.000000,
               0.230733, 0.566200, 0.791316, 0.000000,
               0.244698,-42.048012,-2.057615, 1.000000;;
            }
            Frame ROBOT_SOLDIER_RIG_RightToeBase {
              FrameTransformMatrix {
                 0.999979, 0.005549, 0.003349, 0.000000,
                -0.005572, 0.999959, 0.007097, 0.000000,
                -0.003310,-0.007115, 0.999969, 0.000000,
                -0.373400,-10.492213,12.640695, 1.000000;;
              }
              Frame ROBOT_SOLDIER_RIG_RightToe_End {
                FrameTransformMatrix {
                   1.000000,-0.000000,-0.000000, 0.000000,
                   0.000000, 1.000000, 0.000000, 0.000000,
                   0.000000,-0.000000, 1.000000, 0.000000,
                   0.000000,-0.000001, 9.992499, 1.000000;;
                }
                Frame ROBOT_SOLDIER_RIG_RightToe_End_end {
                  FrameTransformMatrix {
                     1.000000, 0.000000,-0.000000, 0.000000,
                     0.000000, 1.000000, 0.000000, 0.000000,
                     0.000000, 0.000000, 1.000000, 0.000000,
                    -0.000002, 9.992503, 0.000001, 1.000000;;
                  }
                } // End of ROBOT_SOLDIER_RIG_RightToe_End_end
              } // End of ROBOT_SOLDIER_RIG_RightToe_End
            } // End of ROBOT_SOLDIER_RIG_RightToeBase
          } // End of ROBOT_SOLDIER_RIG_RightFoot
        } // End of ROBOT_SOLDIER_RIG_RightLeg
      } // End of ROBOT_SOLDIER_RIG_RightUpLeg
      Frame ROBOT_SOLDIER_RIG_Spine {
        FrameTransformMatrix {
           0.963135,-0.268293,-0.019740, 0.000000,
           0.235794, 0.806587, 0.542051, 0.000000,
          -0.129506,-0.526723, 0.840114, 0.000000,
           0.000002,13.395803,-1.227302, 1.000000;;
        }
        Frame ROBOT_SOLDIER_RIG_Spine1 {
          FrameTransformMatrix {
             0.999111,-0.037787, 0.018708, 0.000000,
             0.029080, 0.938815, 0.343192, 0.000000,
            -0.030531,-0.342343, 0.939079, 0.000000,
            -0.000097,13.655706,-1.422296, 1.000000;;
          }
          Frame ROBOT_SOLDIER_RIG_Spine2 {
            FrameTransformMatrix {
               0.998450,-0.035932, 0.042509, 0.000000,
               0.019284, 0.939722, 0.341396, 0.000000,
              -0.052213,-0.340047, 0.938958, 0.000000,
               0.000101,13.360200,-1.626493, 1.000000;;
            }
            Frame ROBOT_SOLDIER_RIG_LeftShoulder {
              FrameTransformMatrix {
                 0.189639, 0.774285, 0.603755, 0.000000,
                -0.814952, 0.467091,-0.343044, 0.000000,
                -0.547623,-0.426977, 0.719583, 0.000000,
                21.496601, 2.870897, 0.705600, 1.000000;;
              }
              Frame ROBOT_SOLDIER_RIG_LeftArm {
                FrameTransformMatrix {
                   0.600840,-0.652090,-0.462353, 0.000000,
                   0.747685, 0.253844, 0.613621, 0.000000,
                  -0.282770,-0.714382, 0.640077, 0.000000,
                  12.978002, 0.690200,-1.526493, 1.000000;;
                }
                Frame ROBOT_SOLDIER_RIG_LeftForeArm {
                  FrameTransformMatrix {
                     0.623517, 0.774120,-0.109385, 0.000000,
                    -0.781071, 0.610721,-0.130184, 0.000000,
                    -0.033975, 0.166609, 0.985438, 0.000000,
                    31.225199,-0.028201, 0.000003, 1.000000;;
                  }
                  Frame ROBOT_SOLDIER_RIG_LeftHand {
                    FrameTransformMatrix {
                       0.989311,-0.125489, 0.074267, 0.000000,
                      -0.140329,-0.957766, 0.250983, 0.000000,
                       0.039634,-0.258722,-0.965138, 0.000000,
                      31.363203,-0.000007, 0.000002, 1.000000;;
                    }
                    Frame ROBOT_SOLDIER_RIG_LeftHandIndex1 {
                      FrameTransformMatrix {
                         0.978714,-0.161994, 0.126007, 0.000000,
                         0.152418, 0.984883, 0.082309, 0.000000,
                        -0.137436,-0.061351, 0.988609, 0.000000,
                        13.672701, 0.151797, 4.666806, 1.000000;;
                      }
                      Frame ROBOT_SOLDIER_RIG_LeftHandIndex2 {
                        FrameTransformMatrix {
                           0.909471,-0.415753, 0.003499, 0.000000,
                           0.410993, 0.897724,-0.158670, 0.000000,
                           0.062826, 0.145744, 0.987325, 0.000000,
                           5.537907, 0.000002, 0.000001, 1.000000;;
                        }
                        Frame ROBOT_SOLDIER_RIG_LeftHandIndex3 {
                          FrameTransformMatrix {
                             0.999609, 0.027637, 0.004225, 0.000000,
                            -0.027637, 0.999618,-0.000058, 0.000000,
                            -0.004225,-0.000058, 0.999991, 0.000000,
                             4.575104,-0.000002, 0.000002, 1.000000;;
                          }
                          Frame ROBOT_SOLDIER_RIG_LeftHandIndex4 {
                            FrameTransformMatrix {
                               1.000000,-0.000000,-0.000000, 0.000000,
                               0.000000, 1.000000,-0.000000, 0.000000,
                               0.000000, 0.000000, 1.000000, 0.000000,
                               4.103000,-0.000001,-0.000001, 1.000000;;
                            }
                            Frame ROBOT_SOLDIER_RIG_LeftHandIndex4_end {
                              FrameTransformMatrix {
                                 1.000000, 0.000000,-0.000000, 0.000000,
                                -0.000000, 1.000000,-0.000000, 0.000000,
                                -0.000000,-0.000000, 1.000000, 0.000000,
                                 0.000004, 4.103000, 0.000001, 1.000000;;
                              }
                            } // End of ROBOT_SOLDIER_RIG_LeftHandIndex4_end
                          } // End of ROBOT_SOLDIER_RIG_LeftHandIndex4
                        } // End of ROBOT_SOLDIER_RIG_LeftHandIndex3
                      } // End of ROBOT_SOLDIER_RIG_LeftHandIndex2
                    } // End of ROBOT_SOLDIER_RIG_LeftHandIndex1
                    Frame ROBOT_SOLDIER_RIG_LeftHandMiddle1 {
                      FrameTransformMatrix {
                         0.987458,-0.131913, 0.086750, 0.000000,
                         0.136273, 0.989585,-0.046392, 0.000000,
                        -0.079727, 0.057631, 0.995149, 0.000000,
                        13.845901, 0.130695, 1.509802, 1.000000;;
                      }
                      Frame ROBOT_SOLDIER_RIG_LeftHandMiddle2 {
                        FrameTransformMatrix {
                           0.931385,-0.361448,-0.043330, 0.000000,
                           0.359366, 0.931905,-0.049089, 0.000000,
                           0.058123, 0.030150, 0.997854, 0.000000,
                           6.632594, 0.000001,-0.000004, 1.000000;;
                        }
                        Frame ROBOT_SOLDIER_RIG_LeftHandMiddle3 {
                          FrameTransformMatrix {
                             0.996766,-0.079327,-0.012830, 0.000000,
                             0.079327, 0.996848,-0.000510, 0.000000,
                             0.012830,-0.000510, 0.999918, 0.000000,
                             4.460304, 0.000002, 0.000005, 1.000000;;
                          }
                          Frame ROBOT_SOLDIER_RIG_LeftHandMiddle4 {
                            FrameTransformMatrix {
                               1.000000, 0.000000, 0.000000, 0.000000,
                              -0.000000, 1.000000,-0.000000, 0.000000,
                               0.000000,-0.000000, 1.000000, 0.000000,
                               4.718601,-0.000002, 0.000003, 1.000000;;
                            }
                            Frame ROBOT_SOLDIER_RIG_LeftHandMiddle4_end {
                              FrameTransformMatrix {
                                 1.000000,-0.000000, 0.000000, 0.000000,
                                 0.000000, 1.000000, 0.000000, 0.000000,
                                 0.000000,-0.000000, 1.000000, 0.000000,
                                -0.000003, 4.718602, 0.000001, 1.000000;;
                              }
                            } // End of ROBOT_SOLDIER_RIG_LeftHandMiddle4_end
                          } // End of ROBOT_SOLDIER_RIG_LeftHandMiddle4
                        } // End of ROBOT_SOLDIER_RIG_LeftHandMiddle3
                      } // End of ROBOT_SOLDIER_RIG_LeftHandMiddle2
                    } // End of ROBOT_SOLDIER_RIG_LeftHandMiddle1
                    Frame ROBOT_SOLDIER_RIG_LeftHandPinky1 {
                      FrameTransformMatrix {
                         0.971088,-0.237091, 0.027841, 0.000000,
                         0.229620, 0.895802,-0.380544, 0.000000,
                         0.065283, 0.375935, 0.924344, 0.000000,
                        13.950805,-0.226408,-4.916298, 1.000000;;
                      }
                      Frame ROBOT_SOLDIER_RIG_LeftHandPinky2 {
                        FrameTransformMatrix {
                           0.917080,-0.355652,-0.180210, 0.000000,
                           0.374065, 0.923929, 0.080190, 0.000000,
                           0.137982,-0.140951, 0.980354, 0.000000,
                           4.251000,-0.000000,-0.000003, 1.000000;;
                        }
                        Frame ROBOT_SOLDIER_RIG_LeftHandPinky3 {
                          FrameTransformMatrix {
                             0.900591,-0.407807,-0.150429, 0.000000,
                             0.407807, 0.912498,-0.032276, 0.000000,
                             0.150428,-0.032278, 0.988094, 0.000000,
                             2.821097,-0.000002, 0.000002, 1.000000;;
                          }
                          Frame ROBOT_SOLDIER_RIG_LeftHandPinky4 {
                            FrameTransformMatrix {
                               1.000000,-0.000000, 0.000000, 0.000000,
                               0.000000, 1.000000,-0.000000, 0.000000,
                              -0.000000, 0.000000, 1.000000, 0.000000,
                               3.367105, 0.000000,-0.000000, 1.000000;;
                            }
                            Frame ROBOT_SOLDIER_RIG_LeftHandPinky4_end {
                              FrameTransformMatrix {
                                 1.000000,-0.000000, 0.000000, 0.000000,
                                 0.000000, 1.000000, 0.000000, 0.000000,
                                -0.000000,-0.000000, 1.000000, 0.000000,
                                 0.000001, 3.367102, 0.000003, 1.000000;;
                              }
                            } // End of ROBOT_SOLDIER_RIG_LeftHandPinky4_end
                          } // End of ROBOT_SOLDIER_RIG_LeftHandPinky4
                        } // End of ROBOT_SOLDIER_RIG_LeftHandPinky3
                      } // End of ROBOT_SOLDIER_RIG_LeftHandPinky2
                    } // End of ROBOT_SOLDIER_RIG_LeftHandPinky1
                    Frame ROBOT_SOLDIER_RIG_LeftHandRing1 {
                      FrameTransformMatrix {
                         0.988885,-0.141519, 0.045599, 0.000000,
                         0.148154, 0.963754,-0.221874, 0.000000,
                        -0.012547, 0.226164, 0.974009, 0.000000,
                        14.372705, 0.009896,-1.886999, 1.000000;;
                      }
                      Frame ROBOT_SOLDIER_RIG_LeftHandRing2 {
                        FrameTransformMatrix {
                           0.969997,-0.232459,-0.071198, 0.000000,
                           0.235578, 0.971073, 0.038978, 0.000000,
                           0.060078,-0.054581, 0.996700, 0.000000,
                           5.069503,-0.000001,-0.000002, 1.000000;;
                        }
                        Frame ROBOT_SOLDIER_RIG_LeftHandRing3 {
                          FrameTransformMatrix {
                             0.986126,-0.160849,-0.041020, 0.000000,
                             0.160849, 0.986973,-0.003322, 0.000000,
                             0.041020,-0.003322, 0.999153, 0.000000,
                             3.781898,-0.000001,-0.000008, 1.000000;;
                          }
                          Frame ROBOT_SOLDIER_RIG_LeftHandRing4 {
                            FrameTransformMatrix {
                               1.000000, 0.000000,-0.000000, 0.000000,
                              -0.000000, 1.000000,-0.000000, 0.000000,
                              -0.000000, 0.000000, 1.000000, 0.000000,
                               3.803999, 0.000001,-0.000000, 1.000000;;
                            }
                            Frame ROBOT_SOLDIER_RIG_LeftHandRing4_end {
                              FrameTransformMatrix {
                                 1.000000, 0.000000,-0.000000, 0.000000,
                                 0.000000, 1.000000, 0.000000, 0.000000,
                                -0.000000, 0.000000, 1.000000, 0.000000,
                                 0.000000, 3.804000, 0.000003, 1.000000;;
                              }
                            } // End of ROBOT_SOLDIER_RIG_LeftHandRing4_end
                          } // End of ROBOT_SOLDIER_RIG_LeftHandRing4
                        } // End of ROBOT_SOLDIER_RIG_LeftHandRing3
                      } // End of ROBOT_SOLDIER_RIG_LeftHandRing2
                    } // End of ROBOT_SOLDIER_RIG_LeftHandRing1
                    Frame ROBOT_SOLDIER_RIG_LeftHandThumb1 {
                      FrameTransformMatrix {
                         0.851422,-0.011064, 0.524366, 0.000000,
                        -0.402480, 0.627262, 0.666748, 0.000000,
                        -0.336291,-0.778730, 0.529611, 0.000000,
                         6.978202,-1.552599, 6.581904, 1.000000;;
                      }
                      Frame ROBOT_SOLDIER_RIG_LeftHandThumb2 {
                        FrameTransformMatrix {
                           0.872974,-0.121228,-0.472463, 0.000000,
                          -0.009821, 0.964058,-0.265511, 0.000000,
                           0.487669, 0.236424, 0.840406, 0.000000,
                           3.180298,-1.822101, 2.029401, 1.000000;;
                        }
                        Frame ROBOT_SOLDIER_RIG_LeftHandThumb3 {
                          FrameTransformMatrix {
                             0.847153, 0.263536,-0.461389, 0.000000,
                            -0.319142, 0.946625,-0.045281, 0.000000,
                             0.424829, 0.185608, 0.886042, 0.000000,
                             3.394404,-1.959698, 1.959803, 1.000000;;
                          }
                          Frame ROBOT_SOLDIER_RIG_LeftHandThumb4 {
                            FrameTransformMatrix {
                               1.000000, 0.000000, 0.000000, 0.000000,
                              -0.000000, 1.000000,-0.000000, 0.000000,
                              -0.000000, 0.000000, 1.000000, 0.000000,
                               2.907605,-1.725101, 1.817304, 1.000000;;
                            }
                            Frame ROBOT_SOLDIER_RIG_LeftHandThumb4_end {
                              FrameTransformMatrix {
                                 1.000000,-0.000000,-0.000000, 0.000000,
                                 0.000000, 1.000000,-0.000000, 0.000000,
                                 0.000000, 0.000000, 1.000000, 0.000000,
                                -0.000002, 3.838306,-0.000005, 1.000000;;
                              }
                            } // End of ROBOT_SOLDIER_RIG_LeftHandThumb4_end
                          } // End of ROBOT_SOLDIER_RIG_LeftHandThumb4
                        } // End of ROBOT_SOLDIER_RIG_LeftHandThumb3
                      } // End of ROBOT_SOLDIER_RIG_LeftHandThumb2
                    } // End of ROBOT_SOLDIER_RIG_LeftHandThumb1
                  } // End of ROBOT_SOLDIER_RIG_LeftHand
                } // End of ROBOT_SOLDIER_RIG_LeftForeArm
              } // End of ROBOT_SOLDIER_RIG_LeftArm
            } // End of ROBOT_SOLDIER_RIG_LeftShoulder
            Frame ROBOT_SOLDIER_RIG_Neck {
              FrameTransformMatrix {
                 0.991186,-0.108392,-0.076160, 0.000000,
                 0.110709, 0.993489, 0.026878, 0.000000,
                 0.072751,-0.035072, 0.996733, 0.000000,
                 0.000004, 9.786894, 0.792900, 1.000000;;
              }
              Frame ROBOT_SOLDIER_RIG_Head {
                FrameTransformMatrix {
                   0.959417,-0.082187,-0.269750, 0.000000,
                  -0.046129, 0.897959,-0.437655, 0.000000,
                   0.278194, 0.432336, 0.857726, 0.000000,
                  -0.000001, 7.234002,-1.138405, 1.000000;;
                }
                Frame ROBOT_SOLDIER_RIG_HeadTop_End {
                  FrameTransformMatrix {
                     1.000000, 0.000001, 0.000000, 0.000000,
                    -0.000001, 1.000000, 0.000001, 0.000000,
                     0.000000,-0.000001, 1.000000, 0.000000,
                     0.000201,30.054054, 4.110000, 1.000000;;
                  }
                  Frame ROBOT_SOLDIER_RIG_HeadTop_End_end {
                    FrameTransformMatrix {
                       1.000000,-0.000000, 0.000000, 0.000000,
                       0.000000, 1.000000,-0.000000, 0.000000,
                      -0.000000, 0.000000, 1.000000, 0.000000,
                      -0.000006,30.333668, 0.000001, 1.000000;;
                    }
                  } // End of ROBOT_SOLDIER_RIG_HeadTop_End_end
                } // End of ROBOT_SOLDIER_RIG_HeadTop_End
              } // End of ROBOT_SOLDIER_RIG_Head
            } // End of ROBOT_SOLDIER_RIG_Neck
            Frame ROBOT_SOLDIER_RIG_RightShoulder {
              FrameTransformMatrix {
                 0.384262,-0.743731,-0.546999, 0.000000,
                 0.755149, 0.594052,-0.277222, 0.000000,
                 0.531125,-0.306540, 0.789899, 0.000000,
                -21.496599, 2.870692, 0.705593, 1.000000;;
              }
              Frame ROBOT_SOLDIER_RIG_RightArm {
                FrameTransformMatrix {
                   0.825223,-0.118832,-0.552165, 0.000000,
                  -0.404144, 0.558697,-0.724241, 0.000000,
                   0.394556, 0.820815, 0.413024, 0.000000,
                  -12.978002, 0.690011,-1.526513, 1.000000;;
                }
                Frame ROBOT_SOLDIER_RIG_RightForeArm {
                  FrameTransformMatrix {
                    -0.015453,-0.279273,-0.960087, 0.000000,
                     0.160746, 0.947019,-0.278058, 0.000000,
                     0.986875,-0.158627, 0.030258, 0.000000,
                    -31.225096,-0.028008, 0.000001, 1.000000;;
                  }
                  Frame ROBOT_SOLDIER_RIG_RightHand {
                    FrameTransformMatrix {
                       0.858806, 0.192454, 0.474778, 0.000000,
                       0.212718, 0.709128,-0.672226, 0.000000,
                      -0.466051, 0.678306, 0.568065, 0.000000,
                      -31.363316, 0.000005,-0.000006, 1.000000;;
                    }
                    Frame ROBOT_SOLDIER_RIG_RightHandIndex1 {
                      FrameTransformMatrix {
                         0.967594, 0.208725,-0.142113, 0.000000,
                        -0.204873, 0.977913, 0.041380, 0.000000,
                         0.147611,-0.010924, 0.988985, 0.000000,
                        -13.673003, 0.151998, 4.666799, 1.000000;;
                      }
                      Frame ROBOT_SOLDIER_RIG_RightHandIndex2 {
                        FrameTransformMatrix {
                           0.587440, 0.809189, 0.011276, 0.000000,
                          -0.808434, 0.587410,-0.037208, 0.000000,
                          -0.036732, 0.012741, 0.999244, 0.000000,
                          -5.538002, 0.000001, 0.000004, 1.000000;;
                        }
                        Frame ROBOT_SOLDIER_RIG_RightHandIndex3 {
                          FrameTransformMatrix {
                             0.342711, 0.938473, 0.042641, 0.000000,
                            -0.938473, 0.344065,-0.029803, 0.000000,
                            -0.042641,-0.029803, 0.998646, 0.000000,
                            -4.575001,-0.000003, 0.000002, 1.000000;;
                          }
                          Frame ROBOT_SOLDIER_RIG_RightHandIndex4 {
                            FrameTransformMatrix {
                               1.000000,-0.000000, 0.000000, 0.000000,
                               0.000000, 1.000000, 0.000000, 0.000000,
                              -0.000000,-0.000000, 1.000000, 0.000000,
                              -4.103003,-0.000004, 0.000003, 1.000000;;
                            }
                            Frame ROBOT_SOLDIER_RIG_RightHandIndex4_end {
                              FrameTransformMatrix {
                                 1.000000, 0.000000,-0.000000, 0.000000,
                                -0.000000, 1.000000, 0.000000, 0.000000,
                                 0.000000,-0.000000, 1.000000, 0.000000,
                                 0.000001, 4.102995,-0.000000, 1.000000;;
                              }
                            } // End of ROBOT_SOLDIER_RIG_RightHandIndex4_end
                          } // End of ROBOT_SOLDIER_RIG_RightHandIndex4
                        } // End of ROBOT_SOLDIER_RIG_RightHandIndex3
                      } // End of ROBOT_SOLDIER_RIG_RightHandIndex2
                    } // End of ROBOT_SOLDIER_RIG_RightHandIndex1
                    Frame ROBOT_SOLDIER_RIG_RightHandMiddle1 {
                      FrameTransformMatrix {
                         0.584206, 0.810955,-0.032469, 0.000000,
                        -0.805582, 0.584271, 0.098311, 0.000000,
                         0.098697,-0.031278, 0.994626, 0.000000,
                        -13.846004, 0.130998, 1.509798, 1.000000;;
                      }
                      Frame ROBOT_SOLDIER_RIG_RightHandMiddle2 {
                        FrameTransformMatrix {
                          -0.194276, 0.980782,-0.018004, 0.000000,
                          -0.966982,-0.194564,-0.164591, 0.000000,
                          -0.164930,-0.014566, 0.986198, 0.000000,
                          -6.632001,-0.000001, 0.000004, 1.000000;;
                        }
                        Frame ROBOT_SOLDIER_RIG_RightHandMiddle3 {
                          FrameTransformMatrix {
                            -0.024489, 0.985469, 0.168083, 0.000000,
                            -0.985469, 0.004473,-0.169799, 0.000000,
                            -0.168083,-0.169799, 0.971039, 0.000000,
                            -4.460999,-0.000003, 0.000006, 1.000000;;
                          }
                          Frame ROBOT_SOLDIER_RIG_RightHandMiddle4 {
                            FrameTransformMatrix {
                               1.000000, 0.000000, 0.000000, 0.000000,
                               0.000000, 1.000000, 0.000000, 0.000000,
                              -0.000000,-0.000000, 1.000000, 0.000000,
                              -4.718001,-0.000000,-0.000002, 1.000000;;
                            }
                            Frame ROBOT_SOLDIER_RIG_RightHandMiddle4_end {
                              FrameTransformMatrix {
                                 1.000000,-0.000000,-0.000000, 0.000000,
                                 0.000000, 1.000000, 0.000000, 0.000000,
                                -0.000000,-0.000000, 1.000000, 0.000000,
                                 0.000004, 4.718001, 0.000000, 1.000000;;
                              }
                            } // End of ROBOT_SOLDIER_RIG_RightHandMiddle4_end
                          } // End of ROBOT_SOLDIER_RIG_RightHandMiddle4
                        } // End of ROBOT_SOLDIER_RIG_RightHandMiddle3
                      } // End of ROBOT_SOLDIER_RIG_RightHandMiddle2
                    } // End of ROBOT_SOLDIER_RIG_RightHandMiddle1
                    Frame ROBOT_SOLDIER_RIG_RightHandPinky1 {
                      FrameTransformMatrix {
                         0.295577, 0.949000, 0.109698, 0.000000,
                        -0.915282, 0.314211,-0.252054, 0.000000,
                        -0.273667,-0.025904, 0.961476, 0.000000,
                        -13.951007,-0.226009,-4.916301, 1.000000;;
                      }
                      Frame ROBOT_SOLDIER_RIG_RightHandPinky2 {
                        FrameTransformMatrix {
                           0.532421, 0.799547, 0.277943, 0.000000,
                          -0.831348, 0.555719,-0.006105, 0.000000,
                          -0.159340,-0.227817, 0.960578, 0.000000,
                          -4.251003, 0.000001,-0.000002, 1.000000;;
                        }
                        Frame ROBOT_SOLDIER_RIG_RightHandPinky3 {
                          FrameTransformMatrix {
                             0.775577, 0.619968, 0.118826, 0.000000,
                            -0.619968, 0.783529,-0.041490, 0.000000,
                            -0.118826,-0.041490, 0.992048, 0.000000,
                            -2.820999,-0.000001,-0.000001, 1.000000;;
                          }
                          Frame ROBOT_SOLDIER_RIG_RightHandPinky4 {
                            FrameTransformMatrix {
                               1.000000,-0.000000,-0.000000, 0.000000,
                               0.000000, 1.000000,-0.000000, 0.000000,
                              -0.000000, 0.000000, 1.000000, 0.000000,
                              -3.367003, 0.000003, 0.000003, 1.000000;;
                            }
                            Frame ROBOT_SOLDIER_RIG_RightHandPinky4_end {
                              FrameTransformMatrix {
                                 1.000000, 0.000000, 0.000000, 0.000000,
                                -0.000000, 1.000000, 0.000000, 0.000000,
                                -0.000000,-0.000000, 1.000000, 0.000000,
                                 0.000001, 3.367005, 0.000000, 1.000000;;
                              }
                            } // End of ROBOT_SOLDIER_RIG_RightHandPinky4_end
                          } // End of ROBOT_SOLDIER_RIG_RightHandPinky4
                        } // End of ROBOT_SOLDIER_RIG_RightHandPinky3
                      } // End of ROBOT_SOLDIER_RIG_RightHandPinky2
                    } // End of ROBOT_SOLDIER_RIG_RightHandPinky1
                    Frame ROBOT_SOLDIER_RIG_RightHandRing1 {
                      FrameTransformMatrix {
                         0.455626, 0.885689, 0.089214, 0.000000,
                        -0.858815, 0.463729,-0.217697, 0.000000,
                        -0.234183, 0.022570, 0.971931, 0.000000,
                        -14.373005, 0.009996,-1.886902, 1.000000;;
                      }
                      Frame ROBOT_SOLDIER_RIG_RightHandRing2 {
                        FrameTransformMatrix {
                           0.374596, 0.885573, 0.274660, 0.000000,
                          -0.907024, 0.411446,-0.089555, 0.000000,
                          -0.192316,-0.215576, 0.957362, 0.000000,
                          -5.069001,-0.000006,-0.000003, 1.000000;;
                        }
                        Frame ROBOT_SOLDIER_RIG_RightHandRing3 {
                          FrameTransformMatrix {
                             0.599158, 0.783219, 0.166066, 0.000000,
                            -0.783219, 0.616403,-0.081334, 0.000000,
                            -0.166065,-0.081334, 0.982755, 0.000000,
                            -3.782006, 0.000004, 0.000003, 1.000000;;
                          }
                          Frame ROBOT_SOLDIER_RIG_RightHandRing4 {
                            FrameTransformMatrix {
                               1.000000,-0.000000,-0.000000, 0.000000,
                               0.000000, 1.000000,-0.000000, 0.000000,
                              -0.000000,-0.000000, 1.000000, 0.000000,
                              -3.804001,-0.000002,-0.000000, 1.000000;;
                            }
                            Frame ROBOT_SOLDIER_RIG_RightHandRing4_end {
                              FrameTransformMatrix {
                                 1.000000,-0.000000,-0.000000, 0.000000,
                                 0.000000, 1.000000,-0.000000, 0.000000,
                                 0.000000, 0.000000, 1.000000, 0.000000,
                                 0.000002, 3.804008,-0.000001, 1.000000;;
                              }
                            } // End of ROBOT_SOLDIER_RIG_RightHandRing4_end
                          } // End of ROBOT_SOLDIER_RIG_RightHandRing4
                        } // End of ROBOT_SOLDIER_RIG_RightHandRing3
                      } // End of ROBOT_SOLDIER_RIG_RightHandRing2
                    } // End of ROBOT_SOLDIER_RIG_RightHandRing1
                    Frame ROBOT_SOLDIER_RIG_RightHandThumb1 {
                      FrameTransformMatrix {
                         0.939817, 0.334930,-0.067568, 0.000000,
                        -0.288383, 0.883617, 0.368857, 0.000000,
                         0.183246,-0.327173, 0.927027, 0.000000,
                        -6.978004,-1.552002, 6.581904, 1.000000;;
                      }
                      Frame ROBOT_SOLDIER_RIG_RightHandThumb2 {
                        FrameTransformMatrix {
                           0.747700,-0.658742,-0.083689, 0.000000,
                           0.632459, 0.668062, 0.392032, 0.000000,
                          -0.202338,-0.346052, 0.916137, 0.000000,
                          -3.179999,-1.823003, 2.029410, 1.000000;;
                        }
                        Frame ROBOT_SOLDIER_RIG_RightHandThumb3 {
                          FrameTransformMatrix {
                             0.611453,-0.420887, 0.670060, 0.000000,
                             0.169424, 0.896802, 0.408707, 0.000000,
                            -0.772930,-0.136380, 0.619660, 0.000000,
                            -3.395004,-1.959003, 1.959800, 1.000000;;
                          }
                          Frame ROBOT_SOLDIER_RIG_RightHandThumb4 {
                            FrameTransformMatrix {
                               1.000000, 0.000001,-0.000000, 0.000000,
                              -0.000001, 1.000000,-0.000000, 0.000000,
                               0.000000, 0.000000, 1.000000, 0.000000,
                              -2.907003,-1.725001, 1.817400, 1.000000;;
                            }
                            Frame ROBOT_SOLDIER_RIG_RightHandThumb4_end {
                              FrameTransformMatrix {
                                 1.000000, 0.000000,-0.000000, 0.000000,
                                -0.000000, 1.000000, 0.000001, 0.000000,
                                 0.000000,-0.000001, 1.000000, 0.000000,
                                -0.000001, 3.837805, 0.000002, 1.000000;;
                              }
                            } // End of ROBOT_SOLDIER_RIG_RightHandThumb4_end
                          } // End of ROBOT_SOLDIER_RIG_RightHandThumb4
                        } // End of ROBOT_SOLDIER_RIG_RightHandThumb3
                      } // End of ROBOT_SOLDIER_RIG_RightHandThumb2
                    } // End of ROBOT_SOLDIER_RIG_RightHandThumb1
                  } // End of ROBOT_SOLDIER_RIG_RightHand
                } // End of ROBOT_SOLDIER_RIG_RightForeArm
              } // End of ROBOT_SOLDIER_RIG_RightArm
            } // End of ROBOT_SOLDIER_RIG_RightShoulder
          } // End of ROBOT_SOLDIER_RIG_Spine2
        } // End of ROBOT_SOLDIER_RIG_Spine1
      } // End of ROBOT_SOLDIER_RIG_Spine
    } // End of ROBOT_SOLDIER_RIG_Hips
  } // End of ROBOT_SOLDIER_RIG
} // End of Root
AnimationSet Global {
  Animation {
    {ROBOT_SOLDIER_RIG}
    AnimationKey { // Rotation
      0;
      59;
      0;4;-0.707107, 0.707107, 0.000000, 0.000000;;,
      1;4;-0.707107, 0.707107, 0.000000, 0.000000;;,
      2;4;-0.707107, 0.707107, 0.000000, 0.000000;;,
      3;4;-0.707107, 0.707107, 0.000000, 0.000000;;,
      4;4;-0.707107, 0.707107, 0.000000, 0.000000;;,
      5;4;-0.707107, 0.707107, 0.000000, 0.000000;;,
      6;4;-0.707107, 0.707107, 0.000000, 0.000000;;,
      7;4;-0.707107, 0.707107, 0.000000, 0.000000;;,
      8;4;-0.707107, 0.707107, 0.000000, 0.000000;;,
      9;4;-0.707107, 0.707107, 0.000000, 0.000000;;,
      10;4;-0.707107, 0.707107, 0.000000, 0.000000;;,
      11;4;-0.707107, 0.707107, 0.000000, 0.000000;;,
      12;4;-0.707107, 0.707107, 0.000000, 0.000000;;,
      13;4;-0.707107, 0.707107, 0.000000, 0.000000;;,
      14;4;-0.707107, 0.707107, 0.000000, 0.000000;;,
      15;4;-0.707107, 0.707107, 0.000000, 0.000000;;,
      16;4;-0.707107, 0.707107, 0.000000, 0.000000;;,
      17;4;-0.707107, 0.707107, 0.000000, 0.000000;;,
      18;4;-0.707107, 0.707107, 0.000000, 0.000000;;,
      19;4;-0.707107, 0.707107, 0.000000, 0.000000;;,
      20;4;-0.707107, 0.707107, 0.000000, 0.000000;;,
      21;4;-0.707107, 0.707107, 0.000000, 0.000000;;,
      22;4;-0.707107, 0.707107, 0.000000, 0.000000;;,
      23;4;-0.707107, 0.707107, 0.000000, 0.000000;;,
      24;4;-0.707107, 0.707107, 0.000000, 0.000000;;,
      25;4;-0.707107, 0.707107, 0.000000, 0.000000;;,
      26;4;-0.707107, 0.707107, 0.000000, 0.000000;;,
      27;4;-0.707107, 0.707107, 0.000000, 0.000000;;,
      28;4;-0.707107, 0.707107, 0.000000, 0.000000;;,
      29;4;-0.707107, 0.707107, 0.000000, 0.000000;;,
      30;4;-0.707107, 0.707107, 0.000000, 0.000000;;,
      31;4;-0.707107, 0.707107, 0.000000, 0.000000;;,
      32;4;-0.707107, 0.707107, 0.000000, 0.000000;;,
      33;4;-0.707107, 0.707107, 0.000000, 0.000000;;,
      34;4;-0.707107, 0.707107, 0.000000, 0.000000;;,
      35;4;-0.707107, 0.707107, 0.000000, 0.000000;;,
      36;4;-0.707107, 0.707107, 0.000000, 0.000000;;,
      37;4;-0.707107, 0.707107, 0.000000, 0.000000;;,
      38;4;-0.707107, 0.707107, 0.000000, 0.000000;;,
      39;4;-0.707107, 0.707107, 0.000000, 0.000000;;,
      40;4;-0.707107, 0.707107, 0.000000, 0.000000;;,
      41;4;-0.707107, 0.707107, 0.000000, 0.000000;;,
      42;4;-0.707107, 0.707107, 0.000000, 0.000000;;,
      43;4;-0.707107, 0.707107, 0.000000, 0.000000;;,
      44;4;-0.707107, 0.707107, 0.000000, 0.000000;;,
      45;4;-0.707107, 0.707107, 0.000000, 0.000000;;,
      46;4;-0.707107, 0.707107, 0.000000, 0.000000;;,
      47;4;-0.707107, 0.707107, 0.000000, 0.000000;;,
      48;4;-0.707107, 0.707107, 0.000000, 0.000000;;,
      49;4;-0.707107, 0.707107, 0.000000, 0.000000;;,
      50;4;-0.707107, 0.707107, 0.000000, 0.000000;;,
      51;4;-0.707107, 0.707107, 0.000000, 0.000000;;,
      52;4;-0.707107, 0.707107, 0.000000, 0.000000;;,
      53;4;-0.707107, 0.707107, 0.000000, 0.000000;;,
      54;4;-0.707107, 0.707107, 0.000000, 0.000000;;,
      55;4;-0.707107, 0.707107, 0.000000, 0.000000;;,
      56;4;-0.707107, 0.707107, 0.000000, 0.000000;;,
      57;4;-0.707107, 0.707107, 0.000000, 0.000000;;,
      58;4;-0.707107, 0.707107, 0.000000, 0.000000;;;
    }
    AnimationKey { // Scale
      1;
      59;
      0;3; 0.100000, 0.100000, 0.100000;;,
      1;3; 0.100000, 0.100000, 0.100000;;,
      2;3; 0.100000, 0.100000, 0.100000;;,
      3;3; 0.100000, 0.100000, 0.100000;;,
      4;3; 0.100000, 0.100000, 0.100000;;,
      5;3; 0.100000, 0.100000, 0.100000;;,
      6;3; 0.100000, 0.100000, 0.100000;;,
      7;3; 0.100000, 0.100000, 0.100000;;,
      8;3; 0.100000, 0.100000, 0.100000;;,
      9;3; 0.100000, 0.100000, 0.100000;;,
