xof 0303txt 0032

template XSkinMeshHeader {
  <3cf169ce-ff7c-44ab-93c0-f78f62d172e2>
  WORD nMaxSkinWeightsPerVertex;
  WORD nMaxSkinWeightsPerFace;
  WORD nBones;
}

template SkinWeights {
  <6f0d123b-bad2-4167-a0d0-80224f25fabb>
  STRING transformNodeName;
  DWORD nWeights;
  array DWORD vertexIndices[nWeights];
  array float weights[nWeights];
  Matrix4x4 matrixOffset;
}

Frame Root {
  FrameTransformMatrix {
     1.000000, 0.000000, 0.000000, 0.000000,
     0.000000,-0.000000,-1.000000, 0.000000,
     0.000000, 1.000000,-0.000000, 0.000000,
     0.000000, 0.000000, 0.000000, 1.000000;;
  }
  Frame ROBOT_SOLDIER_RIG {
    FrameTransformMatrix {
       0.100000, 0.000000, 0.000000, 0.000000,
       0.000000,-0.000000, 0.100000, 0.000000,
       0.000000,-0.100000,-0.000000, 0.000000,
       0.000000, 0.000000, 0.000000, 1.000000;;
    }
    Frame ROBOT_SOLDIER_RIG_Hips {
      FrameTransformMatrix {
         0.764404,-0.213540, 0.608347, 0.000000,
         0.066621, 0.964669, 0.254904, 0.000000,
        -0.641286,-0.154320, 0.751623, 0.000000,
         0.827523,63.255302,-1.001917, 1.000000;;
      }
      Frame ROBOT_SOLDIER_RIG_LeftUpLeg {
        FrameTransformMatrix {
           0.667119, 0.290649,-0.685912, 0.000000,
          -0.744802, 0.241838,-0.621920, 0.000000,
          -0.014881, 0.925763, 0.377811, 0.000000,
          12.894800,-9.482498,-0.055402, 1.000000;;
        }
        Frame ROBOT_SOLDIER_RIG_LeftLeg {
          FrameTransformMatrix {
             0.982278, 0.053247,-0.179705, 0.000000,
             0.129440,-0.886148, 0.444958, 0.000000,
            -0.135552,-0.460334,-0.877336, 0.000000,
             0.244695,-40.595409,-0.516995, 1.000000;;
          }
          Frame ROBOT_SOLDIER_RIG_LeftFoot {
            FrameTransformMatrix {
               0.972930, 0.212607, 0.090583, 0.000000,
              -0.230295, 0.924646, 0.303306, 0.000000,
              -0.019272,-0.315956, 0.948578, 0.000000,
              -0.244701,-42.048008,-2.057602, 1.000000;;
            }
            Frame ROBOT_SOLDIER_RIG_LeftToeBase {
              FrameTransformMatrix {
                 0.999595, 0.027879,-0.005781, 0.000000,
                -0.028472, 0.978754,-0.203054, 0.000000,
                -0.000003, 0.203137, 0.979150, 0.000000,
                 0.373400,-10.492210,12.640698, 1.000000;;
              }
              Frame ROBOT_SOLDIER_RIG_LeftToe_End {
                FrameTransformMatrix {
                   1.000000,-0.000000, 0.000000, 0.000000,
                   0.000000, 1.000000, 0.000000, 0.000000,
                  -0.000000,-0.000000, 1.000000, 0.000000,
                  -0.000001, 0.000001, 9.992500, 1.000000;;
                }
                Frame ROBOT_SOLDIER_RIG_LeftToe_End_end {
                  FrameTransformMatrix {
                     1.000000,-0.000000,-0.000000, 0.000000,
                     0.000000, 1.000000, 0.000000, 0.000000,
                     0.000000,-0.000000, 1.000000, 0.000000,
                     0.000000, 9.992502,-0.000001, 1.000000;;
                  }
                } // End of ROBOT_SOLDIER_RIG_LeftToe_End_end
              } // End of ROBOT_SOLDIER_RIG_LeftToe_End
            } // End of ROBOT_SOLDIER_RIG_LeftToeBase
          } // End of ROBOT_SOLDIER_RIG_LeftFoot
        } // End of ROBOT_SOLDIER_RIG_LeftLeg
      } // End of ROBOT_SOLDIER_RIG_LeftUpLeg
      Frame ROBOT_SOLDIER_RIG_RightUpLeg {
        FrameTransformMatrix {
           0.859730, 0.320792,-0.397438, 0.000000,
          -0.489469, 0.295213,-0.820530, 0.000000,
          -0.145890, 0.899968, 0.410821, 0.000000,
          -12.894802,-9.482503,-0.055400, 1.000000;;
        }
        Frame ROBOT_SOLDIER_RIG_RightLeg {
          FrameTransformMatrix {
             0.924563,-0.191003,-0.329700, 0.000000,
             0.134908,-0.645139, 0.752061, 0.000000,
            -0.356348,-0.739806,-0.570704, 0.000000,
            -0.244696,-40.595398,-0.516993, 1.000000;;
          }
          Frame ROBOT_SOLDIER_RIG_RightFoot {
            FrameTransformMatrix {
               0.897093, 0.440365,-0.036089, 0.000000,
              -0.200959, 0.333913,-0.920933, 0.000000,
              -0.393496, 0.833415, 0.388046, 0.000000,
               0.244698,-42.048012,-2.057611, 1.000000;;
            }
            Frame ROBOT_SOLDIER_RIG_RightToeBase {
              FrameTransformMatrix {
                 0.999276, 0.038023, 0.001156, 0.000000,
                -0.037701, 0.993943,-0.103227, 0.000000,
                -0.005075, 0.103108, 0.994657, 0.000000,
                -0.373399,-10.492211,12.640697, 1.000000;;
              }
              Frame ROBOT_SOLDIER_RIG_RightToe_End {
                FrameTransformMatrix {
                   1.000000, 0.000000,-0.000000, 0.000000,
                   0.000000, 1.000000, 0.000000, 0.000000,
                   0.000000,-0.000000, 1.000000, 0.000000,
                   0.000001,-0.000003, 9.992500, 1.000000;;
                }
                Frame ROBOT_SOLDIER_RIG_RightToe_End_end {
                  FrameTransformMatrix {
                     1.000000, 0.000000, 0.000000, 0.000000,
                    -0.000000, 1.000000, 0.000000, 0.000000,
                    -0.000000,-0.000000, 1.000000, 0.000000,
                     0.000001, 9.992502, 0.000000, 1.000000;;
                  }
                } // End of ROBOT_SOLDIER_RIG_RightToe_End_end
              } // End of ROBOT_SOLDIER_RIG_RightToe_End
            } // End of ROBOT_SOLDIER_RIG_RightToeBase
          } // End of ROBOT_SOLDIER_RIG_RightFoot
        } // End of ROBOT_SOLDIER_RIG_RightLeg
      } // End of ROBOT_SOLDIER_RIG_RightUpLeg
      Frame ROBOT_SOLDIER_RIG_Spine {
        FrameTransformMatrix {
           0.998583, 0.003595, 0.053099, 0.000000,
          -0.018438, 0.959298, 0.281793, 0.000000,
          -0.049925,-0.282372, 0.958005, 0.000000,
          -0.000002,13.395800,-1.227301, 1.000000;;
        }
        Frame ROBOT_SOLDIER_RIG_Spine1 {
          FrameTransformMatrix {
             0.999315, 0.015796, 0.033472, 0.000000,
            -0.025132, 0.953498, 0.300349, 0.000000,
            -0.027171,-0.300984, 0.953242, 0.000000,
            -0.000102,13.655706,-1.422296, 1.000000;;
          }
          Frame ROBOT_SOLDIER_RIG_Spine2 {
            FrameTransformMatrix {
               0.998905, 0.020749, 0.041923, 0.000000,
              -0.032347, 0.953808, 0.298672, 0.000000,
              -0.033789,-0.299701, 0.953435, 0.000000,
               0.000099,13.360208,-1.626498, 1.000000;;
            }
            Frame ROBOT_SOLDIER_RIG_LeftShoulder {
              FrameTransformMatrix {
                 0.562987, 0.723545, 0.399410, 0.000000,
                -0.777533, 0.627517,-0.040798, 0.000000,
                -0.280156,-0.287586, 0.915864, 0.000000,
                21.496605, 2.870892, 0.705608, 1.000000;;
              }
              Frame ROBOT_SOLDIER_RIG_LeftArm {
                FrameTransformMatrix {
                   0.993514,-0.081400, 0.079402, 0.000000,
                   0.097368, 0.969652,-0.224265, 0.000000,
                  -0.058737, 0.230541, 0.971288, 0.000000,
                  12.978002, 0.690198,-1.526499, 1.000000;;
                }
                Frame ROBOT_SOLDIER_RIG_LeftForeArm {
                  FrameTransformMatrix {
                     0.863993, 0.498544,-0.070504, 0.000000,
                    -0.503031, 0.848603,-0.163808, 0.000000,
                    -0.021835, 0.176995, 0.983969, 0.000000,
                    31.225214,-0.028200,-0.000004, 1.000000;;
                  }
                  Frame ROBOT_SOLDIER_RIG_LeftHand {
                    FrameTransformMatrix {
                       0.921918,-0.012244, 0.387191, 0.000000,
                      -0.237395,-0.807688, 0.539707, 0.000000,
                       0.306122,-0.589483,-0.747529, 0.000000,
                      31.363207,-0.000013,-0.000002, 1.000000;;
                    }
                    Frame ROBOT_SOLDIER_RIG_LeftHandIndex1 {
                      FrameTransformMatrix {
                         0.803466,-0.592543, 0.057750, 0.000000,
                         0.585924, 0.804209, 0.099707, 0.000000,
                        -0.105524,-0.046274, 0.993340, 0.000000,
                        13.672707, 0.151802, 4.666807, 1.000000;;
                      }
                      Frame ROBOT_SOLDIER_RIG_LeftHandIndex2 {
                        FrameTransformMatrix {
                           0.495858,-0.868373, 0.007308, 0.000000,
                           0.858432, 0.488875,-0.155229, 0.000000,
                           0.131224, 0.083245, 0.987851, 0.000000,
                           5.537906,-0.000007, 0.000008, 1.000000;;
                        }
                        Frame ROBOT_SOLDIER_RIG_LeftHandIndex3 {
                          FrameTransformMatrix {
                             0.911673,-0.406198,-0.062093, 0.000000,
                             0.406198, 0.913690,-0.013194, 0.000000,
                             0.062093,-0.013194, 0.997983, 0.000000,
                             4.575103,-0.000015, 0.000006, 1.000000;;
                          }
                          Frame ROBOT_SOLDIER_RIG_LeftHandIndex4 {
                            FrameTransformMatrix {
                               1.000000,-0.000000,-0.000000, 0.000000,
                               0.000000, 1.000000,-0.000000, 0.000000,
                              -0.000000, 0.000000, 1.000000, 0.000000,
                               4.103003, 0.000004, 0.000005, 1.000000;;
                            }
                            Frame ROBOT_SOLDIER_RIG_LeftHandIndex4_end {
                              FrameTransformMatrix {
                                 1.000000, 0.000000,-0.000000, 0.000000,
                                -0.000000, 1.000000, 0.000000, 0.000000,
                                 0.000000, 0.000000, 1.000000, 0.000000,
                                 0.000011, 4.103003, 0.000010, 1.000000;;
                              }
                            } // End of ROBOT_SOLDIER_RIG_LeftHandIndex4_end
                          } // End of ROBOT_SOLDIER_RIG_LeftHandIndex4
                        } // End of ROBOT_SOLDIER_RIG_LeftHandIndex3
                      } // End of ROBOT_SOLDIER_RIG_LeftHandIndex2
                    } // End of ROBOT_SOLDIER_RIG_LeftHandIndex1
                    Frame ROBOT_SOLDIER_RIG_LeftHandMiddle1 {
                      FrameTransformMatrix {
                         0.614044,-0.788574, 0.033189, 0.000000,
                         0.789271, 0.613457,-0.026867, 0.000000,
                         0.000827, 0.042692, 0.999088, 0.000000,
                        13.845902, 0.130697, 1.509798, 1.000000;;
                      }
                      Frame ROBOT_SOLDIER_RIG_LeftHandMiddle2 {
                        FrameTransformMatrix {
                           0.419900,-0.901118,-0.108025, 0.000000,
                           0.895928, 0.430571,-0.109188, 0.000000,
                           0.144904,-0.050934, 0.988134, 0.000000,
                           6.632614,-0.000002, 0.000001, 1.000000;;
                        }
                        Frame ROBOT_SOLDIER_RIG_LeftHandMiddle3 {
                          FrameTransformMatrix {
                             0.951488,-0.303739,-0.049125, 0.000000,
                             0.303738, 0.952725,-0.007646, 0.000000,
                             0.049126,-0.007646, 0.998763, 0.000000,
                             4.460298, 0.000000,-0.000005, 1.000000;;
                          }
                          Frame ROBOT_SOLDIER_RIG_LeftHandMiddle4 {
                            FrameTransformMatrix {
                               1.000000, 0.000000, 0.000000, 0.000000,
                               0.000000, 1.000000,-0.000000, 0.000000,
                              -0.000000,-0.000000, 1.000000, 0.000000,
                               4.718604, 0.000011,-0.000005, 1.000000;;
                            }
                            Frame ROBOT_SOLDIER_RIG_LeftHandMiddle4_end {
                              FrameTransformMatrix {
                                 1.000000,-0.000000, 0.000000, 0.000000,
                                 0.000000, 1.000000,-0.000000, 0.000000,
                                -0.000000,-0.000000, 1.000000, 0.000000,
                                -0.000014, 4.718609,-0.000007, 1.000000;;
                              }
                            } // End of ROBOT_SOLDIER_RIG_LeftHandMiddle4_end
                          } // End of ROBOT_SOLDIER_RIG_LeftHandMiddle4
                        } // End of ROBOT_SOLDIER_RIG_LeftHandMiddle3
                      } // End of ROBOT_SOLDIER_RIG_LeftHandMiddle2
                    } // End of ROBOT_SOLDIER_RIG_LeftHandMiddle1
                    Frame ROBOT_SOLDIER_RIG_LeftHandPinky1 {
                      FrameTransformMatrix {
                         0.294844,-0.942960, 0.154579, 0.000000,
                         0.902093, 0.221337,-0.370457, 0.000000,
                         0.315113, 0.248671, 0.915897, 0.000000,
                        13.950806,-0.226397,-4.916303, 1.000000;;
                      }
                      Frame ROBOT_SOLDIER_RIG_LeftHandPinky2 {
                        FrameTransformMatrix {
                           0.434835,-0.803275,-0.407023, 0.000000,
                           0.844864, 0.520338,-0.124312, 0.000000,
                           0.311646,-0.289824, 0.904919, 0.000000,
                           4.251007,-0.000002, 0.000008, 1.000000;;
                        }
                        Frame ROBOT_SOLDIER_RIG_LeftHandPinky3 {
                          FrameTransformMatrix {
                             0.969832,-0.228711,-0.084366, 0.000000,
                             0.228711, 0.973445,-0.009795, 0.000000,
                             0.084365,-0.009796, 0.996387, 0.000000,
                             2.821096,-0.000003,-0.000009, 1.000000;;
                          }
                          Frame ROBOT_SOLDIER_RIG_LeftHandPinky4 {
                            FrameTransformMatrix {
                               1.000000,-0.000000, 0.000000, 0.000000,
                               0.000000, 1.000000, 0.000000, 0.000000,
                               0.000000, 0.000000, 1.000000, 0.000000,
                               3.367106,-0.000006, 0.000001, 1.000000;;
                            }
                            Frame ROBOT_SOLDIER_RIG_LeftHandPinky4_end {
                              FrameTransformMatrix {
                                 1.000000, 0.000000, 0.000000, 0.000000,
                                 0.000000, 1.000000,-0.000000, 0.000000,
                                 0.000000, 0.000000, 1.000000, 0.000000,
                                 0.000002, 3.367088,-0.000014, 1.000000;;
                              }
                            } // End of ROBOT_SOLDIER_RIG_LeftHandPinky4_end
                          } // End of ROBOT_SOLDIER_RIG_LeftHandPinky4
                        } // End of ROBOT_SOLDIER_RIG_LeftHandPinky3
                      } // End of ROBOT_SOLDIER_RIG_LeftHandPinky2
                    } // End of ROBOT_SOLDIER_RIG_LeftHandPinky1
                    Frame ROBOT_SOLDIER_RIG_LeftHandRing1 {
                      FrameTransformMatrix {
                         0.488232,-0.871814, 0.039629, 0.000000,
                         0.857817, 0.471048,-0.205581, 0.000000,
                         0.160561, 0.134365, 0.977837, 0.000000,
                        14.372704, 0.009910,-1.887004, 1.000000;;
                      }
                      Frame ROBOT_SOLDIER_RIG_LeftHandRing2 {
                        FrameTransformMatrix {
                           0.305990,-0.910295,-0.278806, 0.000000,
                           0.922509, 0.355868,-0.149448, 0.000000,
                           0.235260,-0.211471, 0.948648, 0.000000,
                           5.069493,-0.000004, 0.000001, 1.000000;;
                        }
                        Frame ROBOT_SOLDIER_RIG_LeftHandRing3 {
                          FrameTransformMatrix {
                             0.899822,-0.422727,-0.107805, 0.000000,
                             0.422727, 0.905939,-0.023987, 0.000000,
                             0.107805,-0.023988, 0.993883, 0.000000,
                             3.781890,-0.000008,-0.000010, 1.000000;;
                          }
                          Frame ROBOT_SOLDIER_RIG_LeftHandRing4 {
                            FrameTransformMatrix {
                               1.000000, 0.000000,-0.000000, 0.000000,
                              -0.000000, 1.000000,-0.000000, 0.000000,
                              -0.000000, 0.000000, 1.000000, 0.000000,
                               3.803999,-0.000002, 0.000001, 1.000000;;
                            }
                            Frame ROBOT_SOLDIER_RIG_LeftHandRing4_end {
                              FrameTransformMatrix {
                                 1.000000,-0.000000,-0.000000, 0.000000,
                                 0.000000, 1.000000,-0.000000, 0.000000,
                                -0.000000,-0.000000, 1.000000, 0.000000,
                                -0.000001, 3.804006,-0.000010, 1.000000;;
                              }
                            } // End of ROBOT_SOLDIER_RIG_LeftHandRing4_end
                          } // End of ROBOT_SOLDIER_RIG_LeftHandRing4
                        } // End of ROBOT_SOLDIER_RIG_LeftHandRing3
                      } // End of ROBOT_SOLDIER_RIG_LeftHandRing2
                    } // End of ROBOT_SOLDIER_RIG_LeftHandRing1
                    Frame ROBOT_SOLDIER_RIG_LeftHandThumb1 {
                      FrameTransformMatrix {
                         0.992213, 0.044305,-0.116408, 0.000000,
                        -0.041896, 0.998856, 0.023062, 0.000000,
                         0.117297,-0.018005, 0.992934, 0.000000,
                         6.978199,-1.552594, 6.581902, 1.000000;;
                      }
                      Frame ROBOT_SOLDIER_RIG_LeftHandThumb2 {
                        FrameTransformMatrix {
                           0.986780, 0.127979, 0.099429, 0.000000,
                          -0.152334, 0.941837, 0.299560, 0.000000,
                          -0.055308,-0.310746, 0.948882, 0.000000,
                           3.180309,-1.822104, 2.029394, 1.000000;;
                        }
                        Frame ROBOT_SOLDIER_RIG_LeftHandThumb3 {
                          FrameTransformMatrix {
                             0.989499, 0.037390, 0.139616, 0.000000,
                            -0.027781, 0.997150,-0.070147, 0.000000,
                            -0.141841, 0.065532, 0.987718, 0.000000,
                             3.394404,-1.959686, 1.959804, 1.000000;;
                          }
                          Frame ROBOT_SOLDIER_RIG_LeftHandThumb4 {
                            FrameTransformMatrix {
                               1.000000, 0.000000,-0.000000, 0.000000,
                              -0.000000, 1.000000,-0.000000, 0.000000,
                               0.000000, 0.000000, 1.000000, 0.000000,
                               2.907598,-1.725111, 1.817303, 1.000000;;
                            }
                            Frame ROBOT_SOLDIER_RIG_LeftHandThumb4_end {
                              FrameTransformMatrix {
                                 1.000000,-0.000000, 0.000000, 0.000000,
                                 0.000000, 1.000000,-0.000000, 0.000000,
                                -0.000000, 0.000000, 1.000000, 0.000000,
                                 0.000009, 3.838308,-0.000004, 1.000000;;
                              }
                            } // End of ROBOT_SOLDIER_RIG_LeftHandThumb4_end
                          } // End of ROBOT_SOLDIER_RIG_LeftHandThumb4
                        } // End of ROBOT_SOLDIER_RIG_LeftHandThumb3
                      } // End of ROBOT_SOLDIER_RIG_LeftHandThumb2
                    } // End of ROBOT_SOLDIER_RIG_LeftHandThumb1
                  } // End of ROBOT_SOLDIER_RIG_LeftHand
                } // End of ROBOT_SOLDIER_RIG_LeftForeArm
              } // End of ROBOT_SOLDIER_RIG_LeftArm
            } // End of ROBOT_SOLDIER_RIG_LeftShoulder
            Frame ROBOT_SOLDIER_RIG_Neck {
              FrameTransformMatrix {
                 0.982431,-0.094098,-0.161165, 0.000000,
                 0.099814, 0.994619, 0.027732, 0.000000,
                 0.157688,-0.043331, 0.986538, 0.000000,
                 0.000004, 9.786888, 0.792915, 1.000000;;
              }
              Frame ROBOT_SOLDIER_RIG_Head {
                FrameTransformMatrix {
                   0.791710, 0.162678,-0.588840, 0.000000,
                  -0.249897, 0.965798,-0.069173, 0.000000,
                   0.557447, 0.201914, 0.805284, 0.000000,
                   0.000000, 7.234004,-1.138405, 1.000000;;
                }
                Frame ROBOT_SOLDIER_RIG_HeadTop_End {
                  FrameTransformMatrix {
                     1.000000, 0.000001, 0.000000, 0.000000,
                    -0.000001, 1.000000, 0.000001, 0.000000,
                    -0.000000,-0.000001, 1.000000, 0.000000,
                     0.000202,30.054045, 4.109995, 1.000000;;
                  }
                  Frame ROBOT_SOLDIER_RIG_HeadTop_End_end {
                    FrameTransformMatrix {
                       1.000000,-0.000000, 0.000000, 0.000000,
                       0.000000, 1.000000,-0.000000, 0.000000,
                      -0.000000, 0.000000, 1.000000, 0.000000,
                      -0.000008,30.333660,-0.000007, 1.000000;;
                    }
                  } // End of ROBOT_SOLDIER_RIG_HeadTop_End_end
                } // End of ROBOT_SOLDIER_RIG_HeadTop_End
              } // End of ROBOT_SOLDIER_RIG_Head
            } // End of ROBOT_SOLDIER_RIG_Neck
            Frame ROBOT_SOLDIER_RIG_RightShoulder {
              FrameTransformMatrix {
                 0.772904,-0.560989,-0.296497, 0.000000,
                 0.586643, 0.809841,-0.003013, 0.000000,
                 0.241806,-0.171609, 0.955029, 0.000000,
                -21.496595, 2.870692, 0.705609, 1.000000;;
              }
              Frame ROBOT_SOLDIER_RIG_RightArm {
                FrameTransformMatrix {
                  -0.058468,-0.314366,-0.947500, 0.000000,
                  -0.823052, 0.552304,-0.132457, 0.000000,
                   0.564948, 0.772097,-0.291032, 0.000000,
                  -12.978003, 0.690011,-1.526511, 1.000000;;
                }
                Frame ROBOT_SOLDIER_RIG_RightForeArm {
                  FrameTransformMatrix {
                    -0.289392,-0.267582,-0.919050, 0.000000,
                     0.153850, 0.934648,-0.320568, 0.000000,
                     0.944766,-0.234165,-0.229312, 0.000000,
                    -31.225101,-0.028011, 0.000005, 1.000000;;
                  }
                  Frame ROBOT_SOLDIER_RIG_RightHand {
                    FrameTransformMatrix {
                       0.627418,-0.020822, 0.778404, 0.000000,
                       0.367341, 0.889333,-0.272299, 0.000000,
                      -0.686591, 0.456785, 0.565633, 0.000000,
                      -31.363314, 0.000010, 0.000005, 1.000000;;
                    }
                    Frame ROBOT_SOLDIER_RIG_RightHandIndex1 {
                      FrameTransformMatrix {
                         0.967914, 0.204208,-0.146433, 0.000000,
                        -0.200300, 0.978872, 0.041112, 0.000000,
                         0.151735,-0.010463, 0.988366, 0.000000,
                        -13.673006, 0.151999, 4.666806, 1.000000;;
                      }
                      Frame ROBOT_SOLDIER_RIG_RightHandIndex2 {
                        FrameTransformMatrix {
                           0.838815, 0.544363, 0.007586, 0.000000,
                          -0.543855, 0.838502,-0.033709, 0.000000,
                          -0.024711, 0.024150, 0.999403, 0.000000,
                          -5.537995,-0.000002, 0.000002, 1.000000;;
                        }
                        Frame ROBOT_SOLDIER_RIG_RightHandIndex3 {
                          FrameTransformMatrix {
                             0.867335, 0.497212, 0.022592, 0.000000,
                            -0.497211, 0.867609,-0.006016, 0.000000,
                            -0.022592,-0.006015, 0.999727, 0.000000,
                            -4.575006, 0.000002,-0.000000, 1.000000;;
                          }
                          Frame ROBOT_SOLDIER_RIG_RightHandIndex4 {
                            FrameTransformMatrix {
                               1.000000,-0.000000, 0.000000, 0.000000,
                               0.000000, 1.000000, 0.000000, 0.000000,
                               0.000000,-0.000000, 1.000000, 0.000000,
                              -4.103005,-0.000001, 0.000003, 1.000000;;
                            }
                            Frame ROBOT_SOLDIER_RIG_RightHandIndex4_end {
                              FrameTransformMatrix {
                                 1.000000, 0.000000, 0.000000, 0.000000,
                                -0.000000, 1.000000, 0.000000, 0.000000,
                                 0.000000,-0.000000, 1.000000, 0.000000,
                                -0.000001, 4.103004, 0.000007, 1.000000;;
                              }
                            } // End of ROBOT_SOLDIER_RIG_RightHandIndex4_end
                          } // End of ROBOT_SOLDIER_RIG_RightHandIndex4
                        } // End of ROBOT_SOLDIER_RIG_RightHandIndex3
                      } // End of ROBOT_SOLDIER_RIG_RightHandIndex2
                    } // End of ROBOT_SOLDIER_RIG_RightHandIndex1
                    Frame ROBOT_SOLDIER_RIG_RightHandMiddle1 {
                      FrameTransformMatrix {
                         0.629348, 0.776718, 0.025100, 0.000000,
                        -0.774776, 0.624611, 0.097895, 0.000000,
                         0.060359,-0.081057, 0.994880, 0.000000,
                        -13.846009, 0.130999, 1.509801, 1.000000;;
                      }
                      Frame ROBOT_SOLDIER_RIG_RightHandMiddle2 {
                        FrameTransformMatrix {
                          -0.351388, 0.936072,-0.017184, 0.000000,
                          -0.922902,-0.349414,-0.161748, 0.000000,
                          -0.157412,-0.040978, 0.986682, 0.000000,
                          -6.632001,-0.000005, 0.000004, 1.000000;;
                        }
                        Frame ROBOT_SOLDIER_RIG_RightHandMiddle3 {
                          FrameTransformMatrix {
                             0.946378, 0.318461, 0.054317, 0.000000,
                            -0.318461, 0.947894,-0.008888, 0.000000,
                            -0.054318,-0.008887, 0.998484, 0.000000,
                            -4.461005, 0.000005,-0.000007, 1.000000;;
                          }
                          Frame ROBOT_SOLDIER_RIG_RightHandMiddle4 {
                            FrameTransformMatrix {
                               1.000000, 0.000000,-0.000000, 0.000000,
                               0.000000, 1.000000, 0.000000, 0.000000,
                              -0.000000,-0.000000, 1.000000, 0.000000,
                              -4.718008, 0.000002,-0.000002, 1.000000;;
                            }
                            Frame ROBOT_SOLDIER_RIG_RightHandMiddle4_end {
                              FrameTransformMatrix {
                                 1.000000,-0.000000, 0.000000, 0.000000,
                                 0.000000, 1.000000, 0.000000, 0.000000,
                                -0.000000,-0.000000, 1.000000, 0.000000,
                                 0.000000, 4.717998,-0.000003, 1.000000;;
                              }
                            } // End of ROBOT_SOLDIER_RIG_RightHandMiddle4_end
                          } // End of ROBOT_SOLDIER_RIG_RightHandMiddle4
                        } // End of ROBOT_SOLDIER_RIG_RightHandMiddle3
                      } // End of ROBOT_SOLDIER_RIG_RightHandMiddle2
                    } // End of ROBOT_SOLDIER_RIG_RightHandMiddle1
                    Frame ROBOT_SOLDIER_RIG_RightHandPinky1 {
                      FrameTransformMatrix {
                         0.426164, 0.896516,-0.121010, 0.000000,
                        -0.887231, 0.388083,-0.249426, 0.000000,
                        -0.176653, 0.213660, 0.960803, 0.000000,
                        -13.951009,-0.226011,-4.916297, 1.000000;;
                      }
                      Frame ROBOT_SOLDIER_RIG_RightHandPinky2 {
                        FrameTransformMatrix {
                           0.128196, 0.936762, 0.325643, 0.000000,
                          -0.974020, 0.180732,-0.136460, 0.000000,
                          -0.186685,-0.299689, 0.935594, 0.000000,
                          -4.250997, 0.000005,-0.000003, 1.000000;;
                        }
                        Frame ROBOT_SOLDIER_RIG_RightHandPinky3 {
                          FrameTransformMatrix {
                             0.501970, 0.849424, 0.162804, 0.000000,
                            -0.849424, 0.519617,-0.092072, 0.000000,
                            -0.162804,-0.092072, 0.982353, 0.000000,
                            -2.820999, 0.000002, 0.000012, 1.000000;;
                          }
                          Frame ROBOT_SOLDIER_RIG_RightHandPinky4 {
                            FrameTransformMatrix {
                               1.000000,-0.000000, 0.000000, 0.000000,
                               0.000000, 1.000000, 0.000000, 0.000000,
                              -0.000000,-0.000000, 1.000000, 0.000000,
                              -3.367004, 0.000001,-0.000004, 1.000000;;
                            }
                            Frame ROBOT_SOLDIER_RIG_RightHandPinky4_end {
                              FrameTransformMatrix {
                                 1.000000, 0.000000,-0.000000, 0.000000,
                                -0.000000, 1.000000, 0.000000, 0.000000,
                                 0.000000,-0.000000, 1.000000, 0.000000,
                                -0.000003, 3.366997,-0.000007, 1.000000;;
                              }
                            } // End of ROBOT_SOLDIER_RIG_RightHandPinky4_end
                          } // End of ROBOT_SOLDIER_RIG_RightHandPinky4
                        } // End of ROBOT_SOLDIER_RIG_RightHandPinky3
                      } // End of ROBOT_SOLDIER_RIG_RightHandPinky2
                    } // End of ROBOT_SOLDIER_RIG_RightHandPinky1
                    Frame ROBOT_SOLDIER_RIG_RightHandRing1 {
                      FrameTransformMatrix {
                         0.542276, 0.832002,-0.117092, 0.000000,
                        -0.831539, 0.511489,-0.216615, 0.000000,
                        -0.120333, 0.214832, 0.969210, 0.000000,
                        -14.373005, 0.009999,-1.886899, 1.000000;;
                      }
                      Frame ROBOT_SOLDIER_RIG_RightHandRing2 {
                        FrameTransformMatrix {
                          -0.167918, 0.941555, 0.292023, 0.000000,
                          -0.964362,-0.095450,-0.246769, 0.000000,
                          -0.204473,-0.323053, 0.924028, 0.000000,
                          -5.068995,-0.000001, 0.000001, 1.000000;;
                        }
                        Frame ROBOT_SOLDIER_RIG_RightHandRing3 {
                          FrameTransformMatrix {
                             0.636411, 0.754575, 0.159993, 0.000000,
                            -0.754575, 0.652054,-0.073775, 0.000000,
                            -0.159992,-0.073775, 0.984357, 0.000000,
                            -3.782000, 0.000004, 0.000005, 1.000000;;
                          }
                          Frame ROBOT_SOLDIER_RIG_RightHandRing4 {
                            FrameTransformMatrix {
                               1.000000, 0.000000, 0.000000, 0.000000,
                              -0.000000, 1.000000, 0.000000, 0.000000,
                               0.000000,-0.000000, 1.000000, 0.000000,
                              -3.803996, 0.000002, 0.000001, 1.000000;;
                            }
                            Frame ROBOT_SOLDIER_RIG_RightHandRing4_end {
                              FrameTransformMatrix {
                                 1.000000,-0.000000, 0.000000, 0.000000,
                                 0.000000, 1.000000,-0.000000, 0.000000,
                                -0.000000, 0.000000, 1.000000, 0.000000,
                                 0.000003, 3.804012,-0.000008, 1.000000;;
                              }
                            } // End of ROBOT_SOLDIER_RIG_RightHandRing4_end
                          } // End of ROBOT_SOLDIER_RIG_RightHandRing4
                        } // End of ROBOT_SOLDIER_RIG_RightHandRing3
                      } // End of ROBOT_SOLDIER_RIG_RightHandRing2
                    } // End of ROBOT_SOLDIER_RIG_RightHandRing1
                    Frame ROBOT_SOLDIER_RIG_RightHandThumb1 {
                      FrameTransformMatrix {
                         0.982180, 0.182044, 0.046713, 0.000000,
                        -0.186114, 0.976684, 0.107007, 0.000000,
                        -0.026144,-0.113794, 0.993160, 0.000000,
                        -6.978004,-1.552003, 6.581908, 1.000000;;
                      }
                      Frame ROBOT_SOLDIER_RIG_RightHandThumb2 {
                        FrameTransformMatrix {
                           0.885620,-0.456764,-0.083928, 0.000000,
                           0.399613, 0.657428, 0.638826, 0.000000,
                          -0.236616,-0.599295, 0.764760, 0.000000,
                          -3.180000,-1.823003, 2.029400, 1.000000;;
                        }
                        Frame ROBOT_SOLDIER_RIG_RightHandThumb3 {
                          FrameTransformMatrix {
                             0.576383,-0.402098, 0.711407, 0.000000,
                             0.037408, 0.882634, 0.468570, 0.000000,
                            -0.816323,-0.243463, 0.523777, 0.000000,
                            -3.394998,-1.959004, 1.959789, 1.000000;;
                          }
                          Frame ROBOT_SOLDIER_RIG_RightHandThumb4 {
                            FrameTransformMatrix {
                               1.000000, 0.000001, 0.000000, 0.000000,
                              -0.000001, 1.000000,-0.000000, 0.000000,
                               0.000000, 0.000000, 1.000000, 0.000000,
                              -2.907003,-1.725005, 1.817391, 1.000000;;
                            }
                            Frame ROBOT_SOLDIER_RIG_RightHandThumb4_end {
                              FrameTransformMatrix {
                                 1.000000, 0.000000,-0.000000, 0.000000,
                                -0.000000, 1.000000, 0.000001, 0.000000,
                                 0.000000,-0.000001, 1.000000, 0.000000,
                                -0.000002, 3.837802, 0.000002, 1.000000;;
                              }
                            } // End of ROBOT_SOLDIER_RIG_RightHandThumb4_end
                          } // End of ROBOT_SOLDIER_RIG_RightHandThumb4
                        } // End of ROBOT_SOLDIER_RIG_RightHandThumb3
                      } // End of ROBOT_SOLDIER_RIG_RightHandThumb2
                    } // End of ROBOT_SOLDIER_RIG_RightHandThumb1
                  } // End of ROBOT_SOLDIER_RIG_RightHand
                } // End of ROBOT_SOLDIER_RIG_RightForeArm
              } // End of ROBOT_SOLDIER_RIG_RightArm
            } // End of ROBOT_SOLDIER_RIG_RightShoulder
          } // End of ROBOT_SOLDIER_RIG_Spine2
        } // End of ROBOT_SOLDIER_RIG_Spine1
      } // End of ROBOT_SOLDIER_RIG_Spine
    } // End of ROBOT_SOLDIER_RIG_Hips
  } // End of ROBOT_SOLDIER_RIG
} // End of Root
AnimationSet Global {
  Animation {
    {ROBOT_SOLDIER_RIG}
    AnimationKey { // Rotation
      0;
      44;
      0;4;-0.707107, 0.707107, 0.000000, 0.000000;;,
      1;4;-0.707107, 0.707107, 0.000000, 0.000000;;,
      2;4;-0.707107, 0.707107, 0.000000, 0.000000;;,
      3;4;-0.707107, 0.707107, 0.000000, 0.000000;;,
      4;4;-0.707107, 0.707107, 0.000000, 0.000000;;,
      5;4;-0.707107, 0.707107, 0.000000, 0.000000;;,
      6;4;-0.707107, 0.707107, 0.000000, 0.000000;;,
      7;4;-0.707107, 0.707107, 0.000000, 0.000000;;,
      8;4;-0.707107, 0.707107, 0.000000, 0.000000;;,
      9;4;-0.707107, 0.707107, 0.000000, 0.000000;;,
      10;4;-0.707107, 0.707107, 0.000000, 0.000000;;,
      11;4;-0.707107, 0.707107, 0.000000, 0.000000;;,
      12;4;-0.707107, 0.707107, 0.000000, 0.000000;;,
      13;4;-0.707107, 0.707107, 0.000000, 0.000000;;,
      14;4;-0.707107, 0.707107, 0.000000, 0.000000;;,
      15;4;-0.707107, 0.707107, 0.000000, 0.000000;;,
      16;4;-0.707107, 0.707107, 0.000000, 0.000000;;,
      17;4;-0.707107, 0.707107, 0.000000, 0.000000;;,
      18;4;-0.707107, 0.707107, 0.000000, 0.000000;;,
      19;4;-0.707107, 0.707107, 0.000000, 0.000000;;,
      20;4;-0.707107, 0.707107, 0.000000, 0.000000;;,
      21;4;-0.707107, 0.707107, 0.000000, 0.000000;;,
      22;4;-0.707107, 0.707107, 0.000000, 0.000000;;,
      23;4;-0.707107, 0.707107, 0.000000, 0.000000;;,
      24;4;-0.707107, 0.707107, 0.000000, 0.000000;;,
      25;4;-0.707107, 0.707107, 0.000000, 0.000000;;,
      26;4;-0.707107, 0.707107, 0.000000, 0.000000;;,
      27;4;-0.707107, 0.707107, 0.000000, 0.000000;;,
      28;4;-0.707107, 0.707107, 0.000000, 0.000000;;,
      29;4;-0.707107, 0.707107, 0.000000, 0.000000;;,
      30;4;-0.707107, 0.707107, 0.000000, 0.000000;;,
      31;4;-0.707107, 0.707107, 0.000000, 0.000000;;,
      32;4;-0.707107, 0.707107, 0.000000, 0.000000;;,
      33;4;-0.707107, 0.707107, 0.000000, 0.000000;;,
      34;4;-0.707107, 0.707107, 0.000000, 0.000000;;,
      35;4;-0.707107, 0.707107, 0.000000, 0.000000;;,
      36;4;-0.707107, 0.707107, 0.000000, 0.000000;;,
      37;4;-0.707107, 0.707107, 0.000000, 0.000000;;,
      38;4;-0.707107, 0.707107, 0.000000, 0.000000;;,
      39;4;-0.707107, 0.707107, 0.000000, 0.000000;;,
      40;4;-0.707107, 0.707107, 0.000000, 0.000000;;,
      41;4;-0.707107, 0.707107, 0.000000, 0.000000;;,
      42;4;-0.707107, 0.707107, 0.000000, 0.000000;;,
      43;4;-0.707107, 0.707107, 0.000000, 0.000000;;;
    }
    AnimationKey { // Scale
      1;
      44;
      0;3; 0.100000, 0.100000, 0.100000;;,
      1;3; 0.100000, 0.100000, 0.100000;;,
      2;3; 0.100000, 0.100000, 0.100000;;,
      3;3; 0.100000, 0.100000, 0.100000;;,
      4;3; 0.100000, 0.100000, 0.100000;;,
      5;3; 0.100000, 0.100000, 0.100000;;,
      6;3; 0.100000, 0.100000, 0.100000;;,
      7;3; 0.100000, 0.100000, 0.100000;;,
      8;3; 0.100000, 0.100000, 0.100000;;,
      9;3; 0.100000, 0.100000, 0.100000;;,
      10;3; 0.100000, 0.100000, 0.100000;;,
      11;3; 0.100000, 0.100000, 0.100000;;,
      12;3; 0.100000, 0.100000, 0.100000;;,
      13;3; 0.100000, 0.100000, 0.100000;;,
      14;3; 0.100000, 0.100000, 0.100000;;,
      15;3; 0.100000, 0.100000, 0.100000;;,
      16;3; 0.100000, 0.100000, 0.100000;;,
      17;3; 0.100000, 0.100000, 0.100000;;,
      18;3; 0.100000, 0.100000, 0.100000;;,
      19;3; 0.100000, 0.100000, 0.100000;;,
      20;3; 0.100000, 0.100000, 0.100000;;,
      21;3; 0.100000, 0.100000, 0.100000;;,
      22;3; 0.100000, 0.100000, 0.100000;;,
      23;3; 0.100000, 0.100000, 0.100000;;,
      24;3; 0.100000, 0.100000, 0.100000;;,
      25;3; 0.100000, 0.100000, 0.100000;;,
      26;3; 0.100000, 0.100000, 0.100000;;,
      27;3; 0.100000, 0.100000, 0.100000;;,
      28;3; 0.100000, 0.100000, 0.100000;;,
