xof 0303txt 0032

template XSkinMeshHeader {
  <3cf169ce-ff7c-44ab-93c0-f78f62d172e2>
  WORD nMaxSkinWeightsPerVertex;
  WORD nMaxSkinWeightsPerFace;
  WORD nBones;
}

template SkinWeights {
  <6f0d123b-bad2-4167-a0d0-80224f25fabb>
  STRING transformNodeName;
  DWORD nWeights;
  array DWORD vertexIndices[nWeights];
  array float weights[nWeights];
  Matrix4x4 matrixOffset;
}

Frame Root {
  FrameTransformMatrix {
     1.000000, 0.000000, 0.000000, 0.000000,
     0.000000,-0.000000,-1.000000, 0.000000,
     0.000000, 1.000000,-0.000000, 0.000000,
     0.000000, 0.000000, 0.000000, 1.000000;;
  }
  Frame ROBOT_SOLDIER_RIG {
    FrameTransformMatrix {
       0.100000, 0.000000, 0.000000, 0.000000,
       0.000000,-0.000000, 0.100000, 0.000000,
       0.000000,-0.100000,-0.000000, 0.000000,
       0.000000, 0.000000, 0.000000, 1.000000;;
    }
    Frame ROBOT_SOLDIER_RIG_Hips {
      FrameTransformMatrix {
         0.782991,-0.315449, 0.536113, 0.000000,
         0.164897, 0.936298, 0.310087, 0.000000,
        -0.599778,-0.154392, 0.785130, 0.000000,
         4.468183,56.604240,-7.846545, 1.000000;;
      }
      Frame ROBOT_SOLDIER_RIG_LeftUpLeg {
        FrameTransformMatrix {
           0.569470, 0.570691,-0.591621, 0.000000,
           0.821561,-0.419001, 0.386622, 0.000000,
          -0.027248,-0.706222,-0.707466, 0.000000,
          12.894800,-9.482499,-0.055402, 1.000000;;
        }
        Frame ROBOT_SOLDIER_RIG_LeftLeg {
          FrameTransformMatrix {
             0.965906,-0.006589, 0.258809, 0.000000,
            -0.120079,-0.897046, 0.425311, 0.000000,
             0.229361,-0.441888,-0.867253, 0.000000,
             0.244701,40.595402, 0.517000, 1.000000;;
          }
          Frame ROBOT_SOLDIER_RIG_LeftFoot {
            FrameTransformMatrix {
               0.921990,-0.108700,-0.371642, 0.000000,
              -0.266941, 0.516827,-0.813408, 0.000000,
               0.280492, 0.849161, 0.447493, 0.000000,
              -0.244702,42.048000, 2.057599, 1.000000;;
            }
            Frame ROBOT_SOLDIER_RIG_LeftToeBase {
              FrameTransformMatrix {
                 0.999350,-0.011064,-0.034289, 0.000000,
                 0.002358, 0.969733,-0.244158, 0.000000,
                 0.035952, 0.243919, 0.969129, 0.000000,
                 0.373399,12.640705,10.492204, 1.000000;;
              }
              Frame ROBOT_SOLDIER_RIG_LeftToe_End {
                FrameTransformMatrix {
                   1.000000, 0.000000,-0.000000, 0.000000,
                  -0.000000, 0.000000,-1.000000, 0.000000,
                  -0.000000, 1.000000, 0.000000, 0.000000,
                  -0.000000, 9.992500,-0.000001, 1.000000;;
                }
                Frame ROBOT_SOLDIER_RIG_LeftToe_End_end {
                  FrameTransformMatrix {
                     1.000000, 0.000000,-0.000000, 0.000000,
                    -0.000000, 1.000000, 0.000000, 0.000000,
                     0.000000,-0.000000, 1.000000, 0.000000,
                     0.000000, 9.992504,-0.000002, 1.000000;;
                  }
                } // End of ROBOT_SOLDIER_RIG_LeftToe_End_end
              } // End of ROBOT_SOLDIER_RIG_LeftToe_End
            } // End of ROBOT_SOLDIER_RIG_LeftToeBase
          } // End of ROBOT_SOLDIER_RIG_LeftFoot
        } // End of ROBOT_SOLDIER_RIG_LeftLeg
      } // End of ROBOT_SOLDIER_RIG_LeftUpLeg
      Frame ROBOT_SOLDIER_RIG_RightUpLeg {
        FrameTransformMatrix {
           0.724935, 0.397788,-0.562346, 0.000000,
           0.355875, 0.482703, 0.800219, 0.000000,
           0.589764,-0.780232, 0.208366, 0.000000,
          -12.894802,-9.482503,-0.055404, 1.000000;;
        }
        Frame ROBOT_SOLDIER_RIG_RightLeg {
          FrameTransformMatrix {
             0.876153, 0.275178, 0.395769, 0.000000,
            -0.135404,-0.647485, 0.749953, 0.000000,
             0.462625,-0.710662,-0.530035, 0.000000,
            -0.244701,40.595406, 0.517003, 1.000000;;
          }
          Frame ROBOT_SOLDIER_RIG_RightFoot {
            FrameTransformMatrix {
               0.961282,-0.212985,-0.174856, 0.000000,
              -0.251716,-0.420436,-0.871706, 0.000000,
               0.112145, 0.881970,-0.457769, 0.000000,
               0.244701,42.048012, 2.057598, 1.000000;;
            }
            Frame ROBOT_SOLDIER_RIG_RightToeBase {
              FrameTransformMatrix {
                 0.999761, 0.002712,-0.021663, 0.000000,
                -0.003740, 0.998862,-0.047546, 0.000000,
                 0.021509, 0.047615, 0.998634, 0.000000,
                -0.373400,12.640704,10.492204, 1.000000;;
              }
              Frame ROBOT_SOLDIER_RIG_RightToe_End {
                FrameTransformMatrix {
                   1.000000, 0.000000, 0.000000, 0.000000,
                   0.000000,-0.000000,-1.000000, 0.000000,
                  -0.000000, 1.000000,-0.000000, 0.000000,
                  -0.000001, 9.992502, 0.000000, 1.000000;;
                }
                Frame ROBOT_SOLDIER_RIG_RightToe_End_end {
                  FrameTransformMatrix {
                     1.000000,-0.000000,-0.000000, 0.000000,
                    -0.000000, 1.000000, 0.000000, 0.000000,
                     0.000000, 0.000000, 1.000000, 0.000000,
                     0.000001, 9.992501,-0.000001, 1.000000;;
                  }
                } // End of ROBOT_SOLDIER_RIG_RightToe_End_end
              } // End of ROBOT_SOLDIER_RIG_RightToe_End
            } // End of ROBOT_SOLDIER_RIG_RightToeBase
          } // End of ROBOT_SOLDIER_RIG_RightFoot
        } // End of ROBOT_SOLDIER_RIG_RightLeg
      } // End of ROBOT_SOLDIER_RIG_RightUpLeg
      Frame ROBOT_SOLDIER_RIG_Spine {
        FrameTransformMatrix {
           0.985208, 0.113903, 0.128027, 0.000000,
          -0.148276, 0.941160, 0.303697, 0.000000,
          -0.085902,-0.318188, 0.944128, 0.000000,
           0.000002,13.395801,-1.227301, 1.000000;;
        }
        Frame ROBOT_SOLDIER_RIG_Spine1 {
          FrameTransformMatrix {
             0.999021, 0.023942, 0.037193, 0.000000,
            -0.033933, 0.954215, 0.297190, 0.000000,
            -0.028375,-0.298161, 0.954094, 0.000000,
            -0.000102,13.655705,-1.422300, 1.000000;;
          }
          Frame ROBOT_SOLDIER_RIG_Spine2 {
            FrameTransformMatrix {
               0.998620, 0.029752, 0.043289, 0.000000,
              -0.041248, 0.954430, 0.295572, 0.000000,
              -0.032522,-0.296950, 0.954339, 0.000000,
               0.000098,13.360201,-1.626500, 1.000000;;
            }
            Frame ROBOT_SOLDIER_RIG_LeftShoulder {
              FrameTransformMatrix {
                -0.780584, 0.620391,-0.076184, 0.000000,
                 0.538758, 0.729597, 0.421222, 0.000000,
                 0.316906, 0.287754,-0.903752, 0.000000,
                21.496601, 2.870896, 0.705603, 1.000000;;
              }
              Frame ROBOT_SOLDIER_RIG_LeftArm {
                FrameTransformMatrix {
                   0.951950, 0.192338, 0.238321, 0.000000,
                  -0.175912, 0.980412,-0.088581, 0.000000,
                  -0.250691, 0.042400, 0.967138, 0.000000,
                   0.690191,12.978003, 1.526486, 1.000000;;
                }
                Frame ROBOT_SOLDIER_RIG_LeftForeArm {
                  FrameTransformMatrix {
                     0.792614,-0.589459, 0.155891, 0.000000,
                     0.584205, 0.807392, 0.082593, 0.000000,
                    -0.174550, 0.025608, 0.984315, 0.000000,
                    -0.028201,31.225204, 0.000010, 1.000000;;
                  }
                  Frame ROBOT_SOLDIER_RIG_LeftHand {
                    FrameTransformMatrix {
                      -0.817991,-0.280776,-0.502052, 0.000000,
                      -0.076119, 0.917941,-0.389345, 0.000000,
                       0.570173,-0.280265,-0.772240, 0.000000,
                       0.000014,31.363226, 0.000000, 1.000000;;
                    }
                    Frame ROBOT_SOLDIER_RIG_LeftHandIndex1 {
                      FrameTransformMatrix {
                         0.803014, 0.587554,-0.099739, 0.000000,
                        -0.594206, 0.802188,-0.058424, 0.000000,
                         0.045682, 0.106181, 0.993297, 0.000000,
                         0.151802,13.672704,-4.666806, 1.000000;;
                      }
                      Frame ROBOT_SOLDIER_RIG_LeftHandIndex2 {
                        FrameTransformMatrix {
                           0.488223, 0.858804, 0.155223, 0.000000,
                          -0.868750, 0.495198,-0.007311, 0.000000,
                          -0.083145,-0.131281, 0.987852, 0.000000,
                          -0.000007, 5.537884,-0.000001, 1.000000;;
                        }
                        Frame ROBOT_SOLDIER_RIG_LeftHandIndex3 {
                          FrameTransformMatrix {
                             0.913332, 0.407000, 0.013249, 0.000000,
                            -0.407000, 0.911307, 0.062216, 0.000000,
                             0.013248,-0.062216, 0.997975, 0.000000,
                            -0.000007, 4.575106,-0.000008, 1.000000;;
                          }
                          Frame ROBOT_SOLDIER_RIG_LeftHandIndex4 {
                            FrameTransformMatrix {
                              -0.000002, 1.000000, 0.000000, 0.000000,
                               1.000000, 0.000002,-0.000000, 0.000000,
                              -0.000000,-0.000000,-1.000000, 0.000000,
                              -0.000009, 4.102998,-0.000002, 1.000000;;
                            }
                            Frame ROBOT_SOLDIER_RIG_LeftHandIndex4_end {
                              FrameTransformMatrix {
                                 1.000000, 0.000002, 0.000000, 0.000000,
                                -0.000002, 1.000000, 0.000000, 0.000000,
                                -0.000000,-0.000000, 1.000000, 0.000000,
                                 0.000004, 4.103016, 0.000007, 1.000000;;
                              }
                            } // End of ROBOT_SOLDIER_RIG_LeftHandIndex4_end
                          } // End of ROBOT_SOLDIER_RIG_LeftHandIndex4
                        } // End of ROBOT_SOLDIER_RIG_LeftHandIndex3
                      } // End of ROBOT_SOLDIER_RIG_LeftHandIndex2
                    } // End of ROBOT_SOLDIER_RIG_LeftHandIndex1
                    Frame ROBOT_SOLDIER_RIG_LeftHandMiddle1 {
                      FrameTransformMatrix {
                         0.614525, 0.788439, 0.026858, 0.000000,
                        -0.787771, 0.615111,-0.032480, 0.000000,
                        -0.042129,-0.001198, 0.999111, 0.000000,
                         0.130703,13.845900,-1.509805, 1.000000;;
                      }
                      Frame ROBOT_SOLDIER_RIG_LeftHandMiddle2 {
                        FrameTransformMatrix {
                           0.430006, 0.896191, 0.109256, 0.000000,
                          -0.901383, 0.419324, 0.108057, 0.000000,
                           0.051026,-0.144947, 0.988123, 0.000000,
                           0.000000, 6.632608,-0.000007, 1.000000;;
                        }
                        Frame ROBOT_SOLDIER_RIG_LeftHandMiddle3 {
                          FrameTransformMatrix {
                             0.952544, 0.304303, 0.007675, 0.000000,
                            -0.304303, 0.951303, 0.049217, 0.000000,
                             0.007675,-0.049217, 0.998759, 0.000000,
                            -0.000010, 4.460292,-0.000002, 1.000000;;
                          }
                          Frame ROBOT_SOLDIER_RIG_LeftHandMiddle4 {
                            FrameTransformMatrix {
                              -0.000002, 1.000000,-0.000000, 0.000000,
                               1.000000, 0.000002,-0.000000, 0.000000,
                              -0.000000, 0.000000,-1.000000, 0.000000,
                               0.000010, 4.718605,-0.000006, 1.000000;;
                            }
                            Frame ROBOT_SOLDIER_RIG_LeftHandMiddle4_end {
                              FrameTransformMatrix {
                                 1.000000, 0.000002, 0.000000, 0.000000,
                                -0.000002, 1.000000, 0.000000, 0.000000,
                                -0.000000,-0.000000, 1.000000, 0.000000,
                                -0.000003, 4.718594, 0.000006, 1.000000;;
                              }
                            } // End of ROBOT_SOLDIER_RIG_LeftHandMiddle4_end
                          } // End of ROBOT_SOLDIER_RIG_LeftHandMiddle4
                        } // End of ROBOT_SOLDIER_RIG_LeftHandMiddle3
                      } // End of ROBOT_SOLDIER_RIG_LeftHandMiddle2
                    } // End of ROBOT_SOLDIER_RIG_LeftHandMiddle1
                    Frame ROBOT_SOLDIER_RIG_LeftHandPinky1 {
                      FrameTransformMatrix {
                         0.223807, 0.901491, 0.370438, 0.000000,
                        -0.942403, 0.297101,-0.153649, 0.000000,
                        -0.248571,-0.314714, 0.916061, 0.000000,
                        -0.226402,13.950801, 4.916303, 1.000000;;
                      }
                      Frame ROBOT_SOLDIER_RIG_LeftHandPinky2 {
                        FrameTransformMatrix {
                           0.518294, 0.845967, 0.125347, 0.000000,
                          -0.804323, 0.432392, 0.407555, 0.000000,
                           0.290578,-0.312053, 0.904537, 0.000000,
                          -0.000002, 4.251004, 0.000003, 1.000000;;
                        }
                        Frame ROBOT_SOLDIER_RIG_LeftHandPinky3 {
                          FrameTransformMatrix {
                             0.972860, 0.231180, 0.010011, 0.000000,
                            -0.231179, 0.969167, 0.085276, 0.000000,
                             0.010011,-0.085276, 0.996307, 0.000000,
                            -0.000008, 2.821099, 0.000006, 1.000000;;
                          }
                          Frame ROBOT_SOLDIER_RIG_LeftHandPinky4 {
                            FrameTransformMatrix {
                              -0.000002, 1.000000, 0.000000, 0.000000,
                               1.000000, 0.000002,-0.000000, 0.000000,
                              -0.000000, 0.000000,-1.000000, 0.000000,
                              -0.000008, 3.367096,-0.000005, 1.000000;;
                            }
                            Frame ROBOT_SOLDIER_RIG_LeftHandPinky4_end {
                              FrameTransformMatrix {
                                 1.000000, 0.000002, 0.000000, 0.000000,
                                -0.000002, 1.000000,-0.000000, 0.000000,
                                -0.000000, 0.000000, 1.000000, 0.000000,
                                 0.000008, 3.367103, 0.000010, 1.000000;;
                              }
                            } // End of ROBOT_SOLDIER_RIG_LeftHandPinky4_end
                          } // End of ROBOT_SOLDIER_RIG_LeftHandPinky4
                        } // End of ROBOT_SOLDIER_RIG_LeftHandPinky3
                      } // End of ROBOT_SOLDIER_RIG_LeftHandPinky2
                    } // End of ROBOT_SOLDIER_RIG_LeftHandPinky1
                    Frame ROBOT_SOLDIER_RIG_LeftHandRing1 {
                      FrameTransformMatrix {
                         0.471669, 0.857469, 0.205608, 0.000000,
                        -0.871789, 0.488466,-0.037200, 0.000000,
                        -0.132331,-0.161701, 0.977927, 0.000000,
                         0.009901,14.372703, 1.887003, 1.000000;;
                      }
                      Frame ROBOT_SOLDIER_RIG_LeftHandRing2 {
                        FrameTransformMatrix {
                           0.358378, 0.921661, 0.148680, 0.000000,
                          -0.909459, 0.308698, 0.278550, 0.000000,
                           0.210832,-0.235044, 0.948843, 0.000000,
                           0.000007, 5.069502, 0.000007, 1.000000;;
                        }
                        Frame ROBOT_SOLDIER_RIG_LeftHandRing3 {
                          FrameTransformMatrix {
                             0.905940, 0.422727, 0.023987, 0.000000,
                            -0.422727, 0.899822, 0.107805, 0.000000,
                             0.023988,-0.107805, 0.993883, 0.000000,
                             0.000003, 3.781911, 0.000010, 1.000000;;
                          }
                          Frame ROBOT_SOLDIER_RIG_LeftHandRing4 {
                            FrameTransformMatrix {
                               0.000000, 1.000000,-0.000000, 0.000000,
                               1.000000,-0.000000,-0.000000, 0.000000,
                              -0.000000,-0.000000,-1.000000, 0.000000,
                               0.000007, 3.804007,-0.000005, 1.000000;;
                            }
                            Frame ROBOT_SOLDIER_RIG_LeftHandRing4_end {
                              FrameTransformMatrix {
                                 1.000000,-0.000000, 0.000000, 0.000000,
                                 0.000000, 1.000000, 0.000000, 0.000000,
                                -0.000000,-0.000000, 1.000000, 0.000000,
                                -0.000007, 3.803994,-0.000001, 1.000000;;
                              }
                            } // End of ROBOT_SOLDIER_RIG_LeftHandRing4_end
                          } // End of ROBOT_SOLDIER_RIG_LeftHandRing4
                        } // End of ROBOT_SOLDIER_RIG_LeftHandRing3
                      } // End of ROBOT_SOLDIER_RIG_LeftHandRing2
                    } // End of ROBOT_SOLDIER_RIG_LeftHandRing1
                    Frame ROBOT_SOLDIER_RIG_LeftHandThumb1 {
                      FrameTransformMatrix {
                         0.999221,-0.034997,-0.018255, 0.000000,
                         0.036790, 0.993308, 0.109481, 0.000000,
                         0.014301,-0.110067, 0.993821, 0.000000,
                        -1.552596, 6.978199,-6.581902, 1.000000;;
                      }
                      Frame ROBOT_SOLDIER_RIG_LeftHandThumb2 {
                        FrameTransformMatrix {
                           0.941837,-0.152334,-0.299560, 0.000000,
                           0.127979, 0.986780,-0.099429, 0.000000,
                           0.310746, 0.055308, 0.948882, 0.000000,
                          -1.822101, 3.180308,-2.029396, 1.000000;;
                        }
                        Frame ROBOT_SOLDIER_RIG_LeftHandThumb3 {
                          FrameTransformMatrix {
                             0.997209,-0.027432, 0.069436, 0.000000,
                             0.036730, 0.989974,-0.136389, 0.000000,
                            -0.064999, 0.138559, 0.988219, 0.000000,
                            -1.959695, 3.394404,-1.959804, 1.000000;;
                          }
                          Frame ROBOT_SOLDIER_RIG_LeftHandThumb4 {
                            FrameTransformMatrix {
                              -0.000001, 1.000000,-0.000000, 0.000000,
                               1.000000, 0.000001,-0.000000, 0.000000,
                              -0.000000,-0.000000,-1.000000, 0.000000,
                              -1.725122, 2.907593,-1.817307, 1.000000;;
                            }
                            Frame ROBOT_SOLDIER_RIG_LeftHandThumb4_end {
                              FrameTransformMatrix {
                                 1.000000, 0.000000,-0.000000, 0.000000,
                                -0.000000, 1.000000,-0.000000, 0.000000,
                                 0.000000, 0.000000, 1.000000, 0.000000,
                                 0.000003, 3.838308, 0.000004, 1.000000;;
                              }
                            } // End of ROBOT_SOLDIER_RIG_LeftHandThumb4_end
                          } // End of ROBOT_SOLDIER_RIG_LeftHandThumb4
                        } // End of ROBOT_SOLDIER_RIG_LeftHandThumb3
                      } // End of ROBOT_SOLDIER_RIG_LeftHandThumb2
                    } // End of ROBOT_SOLDIER_RIG_LeftHandThumb1
                  } // End of ROBOT_SOLDIER_RIG_LeftHand
                } // End of ROBOT_SOLDIER_RIG_LeftForeArm
              } // End of ROBOT_SOLDIER_RIG_LeftArm
            } // End of ROBOT_SOLDIER_RIG_LeftShoulder
            Frame ROBOT_SOLDIER_RIG_Neck {
              FrameTransformMatrix {
                 0.982732,-0.090627,-0.161323, 0.000000,
                 0.097731, 0.994538, 0.036643, 0.000000,
                 0.157121,-0.051777, 0.986221, 0.000000,
                -0.000003, 9.786890, 0.792903, 1.000000;;
              }
              Frame ROBOT_SOLDIER_RIG_Head {
                FrameTransformMatrix {
                   0.787680, 0.165970,-0.593307, 0.000000,
                  -0.260787, 0.962319,-0.077027, 0.000000,
                   0.558167, 0.215400, 0.801282, 0.000000,
                  -0.000001, 7.233998,-1.138402, 1.000000;;
                }
                Frame ROBOT_SOLDIER_RIG_HeadTop_End {
                  FrameTransformMatrix {
                     1.000000, 0.000001, 0.000000, 0.000000,
                    -0.000001, 1.000000, 0.000001, 0.000000,
                    -0.000000,-0.000001, 1.000000, 0.000000,
                     0.000200,30.054050, 4.109997, 1.000000;;
                  }
                  Frame ROBOT_SOLDIER_RIG_HeadTop_End_end {
                    FrameTransformMatrix {
                       1.000000,-0.000000, 0.000000, 0.000000,
                       0.000000, 1.000000,-0.000000, 0.000000,
                      -0.000000, 0.000000, 1.000000, 0.000000,
                       0.000002,30.333670,-0.000003, 1.000000;;
                    }
                  } // End of ROBOT_SOLDIER_RIG_HeadTop_End_end
                } // End of ROBOT_SOLDIER_RIG_HeadTop_End
              } // End of ROBOT_SOLDIER_RIG_Head
            } // End of ROBOT_SOLDIER_RIG_Neck
            Frame ROBOT_SOLDIER_RIG_RightShoulder {
              FrameTransformMatrix {
                 0.591666, 0.806173,-0.004069, 0.000000,
                -0.771268, 0.567503, 0.288248, 0.000000,
                 0.234686,-0.167408, 0.957547, 0.000000,
                -21.496601, 2.870694, 0.705601, 1.000000;;
              }
              Frame ROBOT_SOLDIER_RIG_RightArm {
                FrameTransformMatrix {
                   0.562813, 0.820600,-0.099279, 0.000000,
                   0.286750,-0.081184, 0.954560, 0.000000,
                   0.775252,-0.565707,-0.280998, 0.000000,
                   0.690002,12.978005,-1.526499, 1.000000;;
                }
                Frame ROBOT_SOLDIER_RIG_RightForeArm {
                  FrameTransformMatrix {
                     0.935167,-0.154397,-0.318786, 0.000000,
                     0.268521,-0.277910, 0.922314, 0.000000,
                    -0.230997,-0.948118,-0.218433, 0.000000,
                    -0.028000,31.225121, 0.000001, 1.000000;;
                  }
                  Frame ROBOT_SOLDIER_RIG_RightHand {
                    FrameTransformMatrix {
                       0.892839,-0.350960,-0.282252, 0.000000,
                       0.016040, 0.651083,-0.758837, 0.000000,
                       0.450091, 0.672992, 0.586941, 0.000000,
                       0.000001,31.363304,-0.000004, 1.000000;;
                    }
                    Frame ROBOT_SOLDIER_RIG_RightHandIndex1 {
                      FrameTransformMatrix {
                         0.976761, 0.210235, 0.041714, 0.000000,
                        -0.214185, 0.964659, 0.153487, 0.000000,
                        -0.007972,-0.158855, 0.987270, 0.000000,
                         0.151993,13.673011, 4.666796, 1.000000;;
                      }
                      Frame ROBOT_SOLDIER_RIG_RightHandIndex2 {
                        FrameTransformMatrix {
                           0.838409, 0.543999,-0.033710, 0.000000,
                          -0.544507, 0.838722,-0.007588, 0.000000,
                           0.024146, 0.024717, 0.999403, 0.000000,
                          -0.000000, 5.537997,-0.000006, 1.000000;;
                        }
                        Frame ROBOT_SOLDIER_RIG_RightHandIndex3 {
                          FrameTransformMatrix {
                             0.867609, 0.497211,-0.006016, 0.000000,
                            -0.497211, 0.867335,-0.022592, 0.000000,
                            -0.006015, 0.022592, 0.999727, 0.000000,
                            -0.000001, 4.575005, 0.000008, 1.000000;;
                          }
                          Frame ROBOT_SOLDIER_RIG_RightHandIndex4 {
                            FrameTransformMatrix {
                               0.000002,-1.000000,-0.000000, 0.000000,
                               1.000000, 0.000002, 0.000000, 0.000000,
                              -0.000000,-0.000000, 1.000000, 0.000000,
                              -0.000000, 4.103006,-0.000001, 1.000000;;
                            }
                            Frame ROBOT_SOLDIER_RIG_RightHandIndex4_end {
                              FrameTransformMatrix {
                                 1.000000,-0.000002, 0.000000, 0.000000,
                                 0.000002, 1.000000, 0.000000, 0.000000,
                                -0.000000,-0.000000, 1.000000, 0.000000,
                                -0.000002, 4.103000,-0.000002, 1.000000;;
                              }
                            } // End of ROBOT_SOLDIER_RIG_RightHandIndex4_end
                          } // End of ROBOT_SOLDIER_RIG_RightHandIndex4
                        } // End of ROBOT_SOLDIER_RIG_RightHandIndex3
                      } // End of ROBOT_SOLDIER_RIG_RightHandIndex2
                    } // End of ROBOT_SOLDIER_RIG_RightHandIndex1
                    Frame ROBOT_SOLDIER_RIG_RightHandMiddle1 {
                      FrameTransformMatrix {
                         0.621524, 0.777249, 0.097935, 0.000000,
                        -0.779205, 0.626262,-0.025196, 0.000000,
                        -0.080916,-0.060652, 0.994874, 0.000000,
                         0.130992,13.846012, 1.509803, 1.000000;;
                      }
                      Frame ROBOT_SOLDIER_RIG_RightHandMiddle2 {
                        FrameTransformMatrix {
                          -0.348273, 0.923329,-0.161769, 0.000000,
                          -0.936506,-0.350231, 0.017191, 0.000000,
                          -0.040783, 0.157484, 0.986679, 0.000000,
                          -0.000005, 6.632002,-0.000011, 1.000000;;
                        }
                        Frame ROBOT_SOLDIER_RIG_RightHandMiddle3 {
                          FrameTransformMatrix {
                             0.948280, 0.317311,-0.008821, 0.000000,
                            -0.317311, 0.946776,-0.054121, 0.000000,
                            -0.008822, 0.054121, 0.998495, 0.000000,
                             0.000000, 4.461003, 0.000010, 1.000000;;
                          }
                          Frame ROBOT_SOLDIER_RIG_RightHandMiddle4 {
                            FrameTransformMatrix {
                               0.000000,-1.000000, 0.000000, 0.000000,
                               1.000000, 0.000000, 0.000000, 0.000000,
                              -0.000000, 0.000000, 1.000000, 0.000000,
                              -0.000003, 4.717996,-0.000003, 1.000000;;
                            }
                            Frame ROBOT_SOLDIER_RIG_RightHandMiddle4_end {
                              FrameTransformMatrix {
                                 1.000000,-0.000000,-0.000000, 0.000000,
                                 0.000000, 1.000000, 0.000000, 0.000000,
                                -0.000000,-0.000000, 1.000000, 0.000000,
                                 0.000005, 4.718005,-0.000000, 1.000000;;
                              }
                            } // End of ROBOT_SOLDIER_RIG_RightHandMiddle4_end
                          } // End of ROBOT_SOLDIER_RIG_RightHandMiddle4
                        } // End of ROBOT_SOLDIER_RIG_RightHandMiddle3
                      } // End of ROBOT_SOLDIER_RIG_RightHandMiddle2
                    } // End of ROBOT_SOLDIER_RIG_RightHandMiddle1
                    Frame ROBOT_SOLDIER_RIG_RightHandPinky1 {
                      FrameTransformMatrix {
                         0.393948, 0.884610,-0.249538, 0.000000,
                        -0.894509, 0.431415, 0.117193, 0.000000,
                         0.211324, 0.177046, 0.961247, 0.000000,
                        -0.226014,13.951011,-4.916299, 1.000000;;
                      }
                      Frame ROBOT_SOLDIER_RIG_RightHandPinky2 {
                        FrameTransformMatrix {
                           0.180829, 0.974006,-0.136427, 0.000000,
                          -0.936749, 0.128301,-0.325638, 0.000000,
                          -0.299670, 0.186682, 0.935600, 0.000000,
                          -0.000006, 4.251007, 0.000012, 1.000000;;
                        }
                        Frame ROBOT_SOLDIER_RIG_RightHandPinky3 {
                          FrameTransformMatrix {
                             0.519756, 0.849342,-0.092046, 0.000000,
                            -0.849342, 0.502114,-0.162788, 0.000000,
                            -0.092046, 0.162789, 0.982358, 0.000000,
                            -0.000000, 2.820991,-0.000004, 1.000000;;
                          }
                          Frame ROBOT_SOLDIER_RIG_RightHandPinky4 {
                            FrameTransformMatrix {
                               0.000000,-1.000000, 0.000000, 0.000000,
                               1.000000, 0.000000,-0.000000, 0.000000,
                               0.000000, 0.000000, 1.000000, 0.000000,
                              -0.000002, 3.367000,-0.000006, 1.000000;;
                            }
                            Frame ROBOT_SOLDIER_RIG_RightHandPinky4_end {
                              FrameTransformMatrix {
                                 1.000000,-0.000000, 0.000000, 0.000000,
                                 0.000000, 1.000000, 0.000000, 0.000000,
                                 0.000000,-0.000000, 1.000000, 0.000000,
                                -0.000001, 3.367002, 0.000003, 1.000000;;
                              }
                            } // End of ROBOT_SOLDIER_RIG_RightHandPinky4_end
                          } // End of ROBOT_SOLDIER_RIG_RightHandPinky4
                        } // End of ROBOT_SOLDIER_RIG_RightHandPinky3
                      } // End of ROBOT_SOLDIER_RIG_RightHandPinky2
                    } // End of ROBOT_SOLDIER_RIG_RightHandPinky1
                    Frame ROBOT_SOLDIER_RIG_RightHandRing1 {
                      FrameTransformMatrix {
                         0.514478, 0.829624,-0.216879, 0.000000,
                        -0.831689, 0.544357, 0.109401, 0.000000,
                         0.208822, 0.124092, 0.970049, 0.000000,
                         0.009993,14.373013,-1.886899, 1.000000;;
                      }
                      Frame ROBOT_SOLDIER_RIG_RightHandRing2 {
                        FrameTransformMatrix {
                          -0.095131, 0.964419,-0.246671, 0.000000,
                          -0.941611,-0.167577,-0.292041, 0.000000,
                          -0.322986, 0.204485, 0.924048, 0.000000,
                          -0.000002, 5.069001,-0.000001, 1.000000;;
                        }
                        Frame ROBOT_SOLDIER_RIG_RightHandRing3 {
                          FrameTransformMatrix {
                             0.652054, 0.754575,-0.073775, 0.000000,
                            -0.754575, 0.636411,-0.159992, 0.000000,
                            -0.073775, 0.159992, 0.984358, 0.000000,
                             0.000002, 3.782001, 0.000001, 1.000000;;
                          }
                          Frame ROBOT_SOLDIER_RIG_RightHandRing4 {
                            FrameTransformMatrix {
                               0.000000,-1.000000, 0.000000, 0.000000,
                               1.000000, 0.000000, 0.000000, 0.000000,
                              -0.000000, 0.000000, 1.000000, 0.000000,
                              -0.000003, 3.804007,-0.000002, 1.000000;;
                            }
                            Frame ROBOT_SOLDIER_RIG_RightHandRing4_end {
                              FrameTransformMatrix {
                                 1.000000, 0.000000, 0.000000, 0.000000,
                                 0.000000, 1.000000,-0.000000, 0.000000,
                                 0.000000, 0.000000, 1.000000, 0.000000,
                                 0.000002, 3.804007, 0.000007, 1.000000;;
                              }
                            } // End of ROBOT_SOLDIER_RIG_RightHandRing4_end
                          } // End of ROBOT_SOLDIER_RIG_RightHandRing4
                        } // End of ROBOT_SOLDIER_RIG_RightHandRing3
                      } // End of ROBOT_SOLDIER_RIG_RightHandRing2
                    } // End of ROBOT_SOLDIER_RIG_RightHandRing1
                    Frame ROBOT_SOLDIER_RIG_RightHandThumb1 {
                      FrameTransformMatrix {
                         0.975952, 0.191934, 0.103339, 0.000000,
                        -0.188675, 0.981203,-0.040532, 0.000000,
                        -0.109176, 0.020060, 0.993820, 0.000000,
                        -1.552007, 6.978013, 6.581894, 1.000000;;
                      }
                      Frame ROBOT_SOLDIER_RIG_RightHandThumb2 {
                        FrameTransformMatrix {
                           0.659373,-0.401401, 0.635692, 0.000000,
                           0.456011, 0.885778, 0.086317, 0.000000,
                          -0.597729, 0.232968, 0.767102, 0.000000,
                          -1.823003, 3.180002, 2.029395, 1.000000;;
                        }
                        Frame ROBOT_SOLDIER_RIG_RightHandThumb3 {
                          FrameTransformMatrix {
                             0.882903,-0.038226, 0.467997, 0.000000,
                             0.401886, 0.576964,-0.711055, 0.000000,
                            -0.242836, 0.815874, 0.524766, 0.000000,
                            -1.959018, 3.395006, 1.959797, 1.000000;;
                          }
                          Frame ROBOT_SOLDIER_RIG_RightHandThumb4 {
                            FrameTransformMatrix {
                               0.000001,-1.000000,-0.000000, 0.000000,
                               1.000000, 0.000001,-0.000000, 0.000000,
                               0.000000,-0.000000, 1.000000, 0.000000,
                              -1.725011, 2.907001, 1.817403, 1.000000;;
                            }
                            Frame ROBOT_SOLDIER_RIG_RightHandThumb4_end {
                              FrameTransformMatrix {
                                 1.000000, 0.000000,-0.000000, 0.000000,
                                -0.000000, 1.000000, 0.000001, 0.000000,
                                 0.000000,-0.000001, 1.000000, 0.000000,
                                 0.000001, 3.837796,-0.000003, 1.000000;;
                              }
                            } // End of ROBOT_SOLDIER_RIG_RightHandThumb4_end
                          } // End of ROBOT_SOLDIER_RIG_RightHandThumb4
                        } // End of ROBOT_SOLDIER_RIG_RightHandThumb3
                      } // End of ROBOT_SOLDIER_RIG_RightHandThumb2
                    } // End of ROBOT_SOLDIER_RIG_RightHandThumb1
                  } // End of ROBOT_SOLDIER_RIG_RightHand
                } // End of ROBOT_SOLDIER_RIG_RightForeArm
              } // End of ROBOT_SOLDIER_RIG_RightArm
            } // End of ROBOT_SOLDIER_RIG_RightShoulder
          } // End of ROBOT_SOLDIER_RIG_Spine2
        } // End of ROBOT_SOLDIER_RIG_Spine1
      } // End of ROBOT_SOLDIER_RIG_Spine
    } // End of ROBOT_SOLDIER_RIG_Hips
  } // End of ROBOT_SOLDIER_RIG
} // End of Root
AnimationSet Global {
  Animation {
    {ROBOT_SOLDIER_RIG}
    AnimationKey { // Rotation
      0;
      44;
      0;4;-0.707107, 0.707107, 0.000000, 0.000000;;,
      1;4;-0.707107, 0.707107, 0.000000, 0.000000;;,
      2;4;-0.707107, 0.707107, 0.000000, 0.000000;;,
      3;4;-0.707107, 0.707107, 0.000000, 0.000000;;,
      4;4;-0.707107, 0.707107, 0.000000, 0.000000;;,
      5;4;-0.707107, 0.707107, 0.000000, 0.000000;;,
      6;4;-0.707107, 0.707107, 0.000000, 0.000000;;,
      7;4;-0.707107, 0.707107, 0.000000, 0.000000;;,
      8;4;-0.707107, 0.707107, 0.000000, 0.000000;;,
      9;4;-0.707107, 0.707107, 0.000000, 0.000000;;,
      10;4;-0.707107, 0.707107, 0.000000, 0.000000;;,
      11;4;-0.707107, 0.707107, 0.000000, 0.000000;;,
      12;4;-0.707107, 0.707107, 0.000000, 0.000000;;,
      13;4;-0.707107, 0.707107, 0.000000, 0.000000;;,
      14;4;-0.707107, 0.707107, 0.000000, 0.000000;;,
      15;4;-0.707107, 0.707107, 0.000000, 0.000000;;,
      16;4;-0.707107, 0.707107, 0.000000, 0.000000;;,
      17;4;-0.707107, 0.707107, 0.000000, 0.000000;;,
      18;4;-0.707107, 0.707107, 0.000000, 0.000000;;,
      19;4;-0.707107, 0.707107, 0.000000, 0.000000;;,
      20;4;-0.707107, 0.707107, 0.000000, 0.000000;;,
      21;4;-0.707107, 0.707107, 0.000000, 0.000000;;,
      22;4;-0.707107, 0.707107, 0.000000, 0.000000;;,
      23;4;-0.707107, 0.707107, 0.000000, 0.000000;;,
      24;4;-0.707107, 0.707107, 0.000000, 0.000000;;,
      25;4;-0.707107, 0.707107, 0.000000, 0.000000;;,
      26;4;-0.707107, 0.707107, 0.000000, 0.000000;;,
      27;4;-0.707107, 0.707107, 0.000000, 0.000000;;,
      28;4;-0.707107, 0.707107, 0.000000, 0.000000;;,
      29;4;-0.707107, 0.707107, 0.000000, 0.000000;;,
      30;4;-0.707107, 0.707107, 0.000000, 0.000000;;,
      31;4;-0.707107, 0.707107, 0.000000, 0.000000;;,
      32;4;-0.707107, 0.707107, 0.000000, 0.000000;;,
      33;4;-0.707107, 0.707107, 0.000000, 0.000000;;,
      34;4;-0.707107, 0.707107, 0.000000, 0.000000;;,
      35;4;-0.707107, 0.707107, 0.000000, 0.000000;;,
      36;4;-0.707107, 0.707107, 0.000000, 0.000000;;,
      37;4;-0.707107, 0.707107, 0.000000, 0.000000;;,
      38;4;-0.707107, 0.707107, 0.000000, 0.000000;;,
      39;4;-0.707107, 0.707107, 0.000000, 0.000000;;,
      40;4;-0.707107, 0.707107, 0.000000, 0.000000;;,
      41;4;-0.707107, 0.707107, 0.000000, 0.000000;;,
      42;4;-0.707107, 0.707107, 0.000000, 0.000000;;,
      43;4;-0.707107, 0.707107, 0.000000, 0.000000;;;
    }
    AnimationKey { // Scale
      1;
      44;
      0;3; 0.100000, 0.100000, 0.100000;;,
      1;3; 0.100000, 0.100000, 0.100000;;,
      2;3; 0.100000, 0.100000, 0.100000;;,
      3;3; 0.100000, 0.100000, 0.100000;;,
      4;3; 0.100000, 0.100000, 0.100000;;,
      5;3; 0.100000, 0.100000, 0.100000;;,
      6;3; 0.100000, 0.100000, 0.100000;;,
      7;3; 0.100000, 0.100000, 0.100000;;,
      8;3; 0.100000, 0.100000, 0.100000;;,
      9;3; 0.100000, 0.100000, 0.100000;;,
      10;3; 0.100000, 0.100000, 0.100000;;,
      11;3; 0.100000, 0.100000, 0.100000;;,
      12;3; 0.100000, 0.100000, 0.100000;;,
      13;3; 0.100000, 0.100000, 0.100000;;,
      14;3; 0.100000, 0.100000, 0.100000;;,
      15;3; 0.100000, 0.100000, 0.100000;;,
      16;3; 0.100000, 0.100000, 0.100000;;,
      17;3; 0.100000, 0.100000, 0.100000;;,
      18;3; 0.100000, 0.100000, 0.100000;;,
      19;3; 0.100000, 0.100000, 0.100000;;,
      20;3; 0.100000, 0.100000, 0.100000;;,
      21;3; 0.100000, 0.100000, 0.100000;;,
      22;3; 0.100000, 0.100000, 0.100000;;,
      23;3; 0.100000, 0.100000, 0.100000;;,
      24;3; 0.100000, 0.100000, 0.100000;;,
      25;3; 0.100000, 0.100000, 0.100000;;,
      26;3; 0.100000, 0.100000, 0.100000;;,
      27;3; 0.100000, 0.100000, 0.100000;;,
      28;3; 0.100000, 0.100000, 0.100000;;,
