xof 0303txt 0032

template XSkinMeshHeader {
  <3cf169ce-ff7c-44ab-93c0-f78f62d172e2>
  WORD nMaxSkinWeightsPerVertex;
  WORD nMaxSkinWeightsPerFace;
  WORD nBones;
}

template SkinWeights {
  <6f0d123b-bad2-4167-a0d0-80224f25fabb>
  STRING transformNodeName;
  DWORD nWeights;
  array DWORD vertexIndices[nWeights];
  array float weights[nWeights];
  Matrix4x4 matrixOffset;
}

Frame Root {
  FrameTransformMatrix {
     1.000000, 0.000000, 0.000000, 0.000000,
     0.000000,-0.000000,-1.000000, 0.000000,
     0.000000, 1.000000,-0.000000, 0.000000,
     0.000000, 0.000000, 0.000000, 1.000000;;
  }
  Frame ROBOT_SOLDIER_RIG {
    FrameTransformMatrix {
       0.100000, 0.000000, 0.000000, 0.000000,
       0.000000,-0.000000, 0.100000, 0.000000,
       0.000000,-0.100000,-0.000000, 0.000000,
       0.000000, 0.000000, 0.000000, 1.000000;;
    }
    Frame ROBOT_SOLDIER_RIG_Hips {
      FrameTransformMatrix {
         0.897210, 0.062419, 0.437170, 0.000000,
        -0.051825, 0.998002,-0.036133, 0.000000,
        -0.438552, 0.009762, 0.898653, 0.000000,
         3.220974,74.295639, 0.664845, 1.000000;;
      }
      Frame ROBOT_SOLDIER_RIG_LeftUpLeg {
        FrameTransformMatrix {
           0.805736,-0.182630,-0.563414, 0.000000,
           0.377747,-0.574218, 0.726347, 0.000000,
          -0.456176,-0.798073,-0.393680, 0.000000,
          12.894801,-9.482491,-0.055402, 1.000000;;
        }
        Frame ROBOT_SOLDIER_RIG_LeftLeg {
          FrameTransformMatrix {
             0.999806, 0.019615,-0.001573, 0.000000,
             0.010133,-0.444626, 0.895659, 0.000000,
             0.016869,-0.895502,-0.444738, 0.000000,
             0.244699,40.595406, 0.516997, 1.000000;;
          }
          Frame ROBOT_SOLDIER_RIG_LeftFoot {
            FrameTransformMatrix {
               0.980868,-0.187278,-0.053159, 0.000000,
              -0.043076, 0.057504,-0.997416, 0.000000,
               0.189850, 0.980623, 0.048336, 0.000000,
              -0.244701,42.047997, 2.057597, 1.000000;;
            }
            Frame ROBOT_SOLDIER_RIG_LeftToeBase {
              FrameTransformMatrix {
                 0.999707,-0.002902,-0.024028, 0.000000,
                -0.001434, 0.983943,-0.178481, 0.000000,
                 0.024160, 0.178463, 0.983650, 0.000000,
                 0.373398,12.640706,10.492204, 1.000000;;
              }
              Frame ROBOT_SOLDIER_RIG_LeftToe_End {
                FrameTransformMatrix {
                   1.000000, 0.000000,-0.000000, 0.000000,
                  -0.000000,-0.000000,-1.000000, 0.000000,
                  -0.000000, 1.000000,-0.000000, 0.000000,
                  -0.000000, 9.992500, 0.000000, 1.000000;;
                }
                Frame ROBOT_SOLDIER_RIG_LeftToe_End_end {
                  FrameTransformMatrix {
                     1.000000, 0.000000, 0.000000, 0.000000,
                    -0.000000, 1.000000, 0.000000, 0.000000,
                     0.000000,-0.000000, 1.000000, 0.000000,
                    -0.000000, 9.992502,-0.000000, 1.000000;;
                  }
                } // End of ROBOT_SOLDIER_RIG_LeftToe_End_end
              } // End of ROBOT_SOLDIER_RIG_LeftToe_End
            } // End of ROBOT_SOLDIER_RIG_LeftToeBase
          } // End of ROBOT_SOLDIER_RIG_LeftFoot
        } // End of ROBOT_SOLDIER_RIG_LeftLeg
      } // End of ROBOT_SOLDIER_RIG_LeftUpLeg
      Frame ROBOT_SOLDIER_RIG_RightUpLeg {
        FrameTransformMatrix {
           0.982678, 0.009460,-0.185080, 0.000000,
           0.181449,-0.252205, 0.950510, 0.000000,
          -0.037686,-0.967628,-0.249553, 0.000000,
          -12.894802,-9.482505,-0.055401, 1.000000;;
        }
        Frame ROBOT_SOLDIER_RIG_RightLeg {
          FrameTransformMatrix {
             0.943884, 0.221602, 0.244899, 0.000000,
            -0.056622,-0.621945, 0.781011, 0.000000,
             0.325387,-0.751050,-0.574497, 0.000000,
            -0.244701,40.595402, 0.517004, 1.000000;;
          }
          Frame ROBOT_SOLDIER_RIG_RightFoot {
            FrameTransformMatrix {
               0.991651, 0.114835, 0.058657, 0.000000,
               0.064565,-0.048416,-0.996738, 0.000000,
              -0.111620, 0.992204,-0.055426, 0.000000,
               0.244701,42.048004, 2.057600, 1.000000;;
            }
            Frame ROBOT_SOLDIER_RIG_RightToeBase {
              FrameTransformMatrix {
                 0.999688, 0.002480,-0.024873, 0.000000,
                -0.003930, 0.998283,-0.058441, 0.000000,
                 0.024685, 0.058521, 0.997981, 0.000000,
                -0.373400,12.640707,10.492204, 1.000000;;
              }
              Frame ROBOT_SOLDIER_RIG_RightToe_End {
                FrameTransformMatrix {
                   1.000000, 0.000000, 0.000000, 0.000000,
                   0.000000,-0.000000,-1.000000, 0.000000,
                  -0.000000, 1.000000,-0.000000, 0.000000,
                  -0.000002, 9.992503, 0.000000, 1.000000;;
                }
                Frame ROBOT_SOLDIER_RIG_RightToe_End_end {
                  FrameTransformMatrix {
                     1.000000,-0.000000,-0.000000, 0.000000,
                    -0.000000, 1.000000, 0.000000, 0.000000,
                     0.000000,-0.000000, 1.000000, 0.000000,
                     0.000000, 9.992504, 0.000001, 1.000000;;
                  }
                } // End of ROBOT_SOLDIER_RIG_RightToe_End_end
              } // End of ROBOT_SOLDIER_RIG_RightToe_End
            } // End of ROBOT_SOLDIER_RIG_RightToeBase
          } // End of ROBOT_SOLDIER_RIG_RightFoot
        } // End of ROBOT_SOLDIER_RIG_RightLeg
      } // End of ROBOT_SOLDIER_RIG_RightUpLeg
      Frame ROBOT_SOLDIER_RIG_Spine {
        FrameTransformMatrix {
           0.990292,-0.120715, 0.068922, 0.000000,
           0.100632, 0.964637, 0.243618, 0.000000,
          -0.095893,-0.234317, 0.967419, 0.000000,
          -0.000001,13.395799,-1.227301, 1.000000;;
        }
        Frame ROBOT_SOLDIER_RIG_Spine1 {
          FrameTransformMatrix {
             0.999711,-0.002010, 0.023951, 0.000000,
            -0.004645, 0.961551, 0.274586, 0.000000,
            -0.023582,-0.274618, 0.961264, 0.000000,
            -0.000100,13.655705,-1.422302, 1.000000;;
          }
          Frame ROBOT_SOLDIER_RIG_Spine2 {
            FrameTransformMatrix {
               0.999355,-0.000280, 0.035907, 0.000000,
              -0.009519, 0.962128, 0.272430, 0.000000,
              -0.034623,-0.272596, 0.961505, 0.000000,
               0.000100,13.360206,-1.626500, 1.000000;;
            }
            Frame ROBOT_SOLDIER_RIG_LeftShoulder {
              FrameTransformMatrix {
                -0.486174, 0.849466,-0.205042, 0.000000,
                 0.779661, 0.527627, 0.337251, 0.000000,
                 0.394669, 0.004100,-0.918814, 0.000000,
                21.496605, 2.870891, 0.705602, 1.000000;;
              }
              Frame ROBOT_SOLDIER_RIG_LeftArm {
                FrameTransformMatrix {
                   0.292326, 0.661046,-0.691060, 0.000000,
                  -0.931850, 0.034478,-0.361202, 0.000000,
                  -0.214945, 0.749553, 0.626074, 0.000000,
                   0.690202,12.978003, 1.526493, 1.000000;;
                }
                Frame ROBOT_SOLDIER_RIG_LeftForeArm {
                  FrameTransformMatrix {
                     0.226546,-0.971038, 0.075914, 0.000000,
                     0.962406, 0.235158, 0.135921, 0.000000,
                    -0.149836, 0.042268, 0.987807, 0.000000,
                    -0.028199,31.225208, 0.000010, 1.000000;;
                  }
                  Frame ROBOT_SOLDIER_RIG_LeftHand {
                    FrameTransformMatrix {
                      -0.847887,-0.209247,-0.487138, 0.000000,
                      -0.008450, 0.924038,-0.382207, 0.000000,
                       0.530109,-0.319952,-0.785248, 0.000000,
                      -0.000005,31.363213,-0.000006, 1.000000;;
                    }
                    Frame ROBOT_SOLDIER_RIG_LeftHandIndex1 {
                      FrameTransformMatrix {
                         0.397519, 0.912651,-0.095115, 0.000000,
                        -0.906908, 0.374999,-0.192079, 0.000000,
                        -0.139633, 0.162615, 0.976759, 0.000000,
                         0.151807,13.672701,-4.666805, 1.000000;;
                      }
                      Frame ROBOT_SOLDIER_RIG_LeftHandIndex2 {
                        FrameTransformMatrix {
                           0.311704, 0.937659, 0.153738, 0.000000,
                          -0.948518, 0.316623,-0.007982, 0.000000,
                          -0.056162,-0.143335, 0.988079, 0.000000,
                           0.000007, 5.537892, 0.000000, 1.000000;;
                        }
                        Frame ROBOT_SOLDIER_RIG_LeftHandIndex3 {
                          FrameTransformMatrix {
                             0.966704,-0.255847, 0.005090, 0.000000,
                             0.255847, 0.965926,-0.039110, 0.000000,
                             0.005090, 0.039110, 0.999222, 0.000000,
                             0.000006, 4.575096, 0.000004, 1.000000;;
                          }
                          Frame ROBOT_SOLDIER_RIG_LeftHandIndex4 {
                            FrameTransformMatrix {
                              -0.000002, 1.000000, 0.000000, 0.000000,
                               1.000000, 0.000002,-0.000000, 0.000000,
                              -0.000000, 0.000000,-1.000000, 0.000000,
                               0.000005, 4.102995, 0.000001, 1.000000;;
                            }
                            Frame ROBOT_SOLDIER_RIG_LeftHandIndex4_end {
                              FrameTransformMatrix {
                                 1.000000, 0.000002, 0.000000, 0.000000,
                                -0.000002, 1.000000, 0.000000, 0.000000,
                                -0.000000,-0.000000, 1.000000, 0.000000,
                                 0.000000, 4.103004, 0.000011, 1.000000;;
                              }
                            } // End of ROBOT_SOLDIER_RIG_LeftHandIndex4_end
                          } // End of ROBOT_SOLDIER_RIG_LeftHandIndex4
                        } // End of ROBOT_SOLDIER_RIG_LeftHandIndex3
                      } // End of ROBOT_SOLDIER_RIG_LeftHandIndex2
                    } // End of ROBOT_SOLDIER_RIG_LeftHandIndex1
                    Frame ROBOT_SOLDIER_RIG_LeftHandMiddle1 {
                      FrameTransformMatrix {
                         0.359980, 0.932430, 0.031449, 0.000000,
                        -0.918821, 0.360169,-0.161386, 0.000000,
                        -0.161808, 0.029199, 0.986390, 0.000000,
                         0.130700,13.845899,-1.509804, 1.000000;;
                      }
                      Frame ROBOT_SOLDIER_RIG_LeftHandMiddle2 {
                        FrameTransformMatrix {
                           0.402881, 0.908311, 0.112508, 0.000000,
                          -0.913574, 0.391649, 0.109518, 0.000000,
                           0.055413,-0.146907, 0.987597, 0.000000,
                           0.000008, 6.632599,-0.000008, 1.000000;;
                        }
                        Frame ROBOT_SOLDIER_RIG_LeftHandMiddle3 {
                          FrameTransformMatrix {
                             0.986240,-0.165305, 0.002226, 0.000000,
                             0.165305, 0.985880,-0.026736, 0.000000,
                             0.002225, 0.026736, 0.999640, 0.000000,
                             0.000001, 4.460294,-0.000004, 1.000000;;
                          }
                          Frame ROBOT_SOLDIER_RIG_LeftHandMiddle4 {
                            FrameTransformMatrix {
                              -0.000002, 1.000000, 0.000000, 0.000000,
                               1.000000, 0.000002,-0.000000, 0.000000,
                              -0.000000,-0.000000,-1.000000, 0.000000,
                              -0.000001, 4.718606, 0.000001, 1.000000;;
                            }
                            Frame ROBOT_SOLDIER_RIG_LeftHandMiddle4_end {
                              FrameTransformMatrix {
                                 1.000000, 0.000002, 0.000000, 0.000000,
                                -0.000002, 1.000000, 0.000000, 0.000000,
                                -0.000000, 0.000000, 1.000000, 0.000000,
                                 0.000000, 4.718605,-0.000003, 1.000000;;
                              }
                            } // End of ROBOT_SOLDIER_RIG_LeftHandMiddle4_end
                          } // End of ROBOT_SOLDIER_RIG_LeftHandMiddle4
                        } // End of ROBOT_SOLDIER_RIG_LeftHandMiddle3
                      } // End of ROBOT_SOLDIER_RIG_LeftHandMiddle2
                    } // End of ROBOT_SOLDIER_RIG_LeftHandMiddle1
                    Frame ROBOT_SOLDIER_RIG_LeftHandPinky1 {
                      FrameTransformMatrix {
                         0.401906, 0.837991, 0.369110, 0.000000,
                        -0.883881, 0.460342,-0.082699, 0.000000,
                        -0.239218,-0.293013, 0.925699, 0.000000,
                        -0.226397,13.950807, 4.916300, 1.000000;;
                      }
                      Frame ROBOT_SOLDIER_RIG_LeftHandPinky2 {
                        FrameTransformMatrix {
                           0.464160, 0.872476, 0.152777, 0.000000,
                          -0.829528, 0.367709, 0.420326, 0.000000,
                           0.310547,-0.321831, 0.894419, 0.000000,
                           0.000005, 4.251000, 0.000001, 1.000000;;
                        }
                        Frame ROBOT_SOLDIER_RIG_LeftHandPinky3 {
                          FrameTransformMatrix {
                             0.984978,-0.172592, 0.005541, 0.000000,
                             0.172592, 0.982934,-0.063664, 0.000000,
                             0.005541, 0.063664, 0.997956, 0.000000,
                             0.000000, 2.821098, 0.000010, 1.000000;;
                          }
                          Frame ROBOT_SOLDIER_RIG_LeftHandPinky4 {
                            FrameTransformMatrix {
                              -0.000002, 1.000000, 0.000000, 0.000000,
                               1.000000, 0.000002,-0.000000, 0.000000,
                              -0.000000, 0.000000,-1.000000, 0.000000,
                              -0.000002, 3.367080,-0.000008, 1.000000;;
                            }
                            Frame ROBOT_SOLDIER_RIG_LeftHandPinky4_end {
                              FrameTransformMatrix {
                                 1.000000, 0.000002, 0.000000, 0.000000,
                                -0.000002, 1.000000,-0.000000, 0.000000,
                                -0.000000, 0.000000, 1.000000, 0.000000,
                                 0.000005, 3.367105, 0.000009, 1.000000;;
                              }
                            } // End of ROBOT_SOLDIER_RIG_LeftHandPinky4_end
                          } // End of ROBOT_SOLDIER_RIG_LeftHandPinky4
                        } // End of ROBOT_SOLDIER_RIG_LeftHandPinky3
                      } // End of ROBOT_SOLDIER_RIG_LeftHandPinky2
                    } // End of ROBOT_SOLDIER_RIG_LeftHandPinky1
                    Frame ROBOT_SOLDIER_RIG_LeftHandRing1 {
                      FrameTransformMatrix {
                         0.358233, 0.910201, 0.207856, 0.000000,
                        -0.920295, 0.381750,-0.085583, 0.000000,
                        -0.157247,-0.160630, 0.974408, 0.000000,
                         0.009905,14.372705, 1.887001, 1.000000;;
                      }
                      Frame ROBOT_SOLDIER_RIG_LeftHandRing2 {
                        FrameTransformMatrix {
                           0.344618, 0.926208, 0.152894, 0.000000,
                          -0.913945, 0.293847, 0.279924, 0.000000,
                           0.214341,-0.236204, 0.947769, 0.000000,
                          -0.000002, 5.069502,-0.000003, 1.000000;;
                        }
                        Frame ROBOT_SOLDIER_RIG_LeftHandRing3 {
                          FrameTransformMatrix {
                             0.999994, 0.003569, 0.000002, 0.000000,
                            -0.003569, 0.999993, 0.000910, 0.000000,
                             0.000002,-0.000910, 1.000000, 0.000000,
                             0.000006, 3.781906,-0.000001, 1.000000;;
                          }
                          Frame ROBOT_SOLDIER_RIG_LeftHandRing4 {
                            FrameTransformMatrix {
                               0.000000, 1.000000,-0.000000, 0.000000,
                               1.000000,-0.000000,-0.000000, 0.000000,
                              -0.000000,-0.000000,-1.000000, 0.000000,
                              -0.000001, 3.803991, 0.000002, 1.000000;;
                            }
                            Frame ROBOT_SOLDIER_RIG_LeftHandRing4_end {
                              FrameTransformMatrix {
                                 1.000000,-0.000000, 0.000000, 0.000000,
                                 0.000000, 1.000000, 0.000000, 0.000000,
                                -0.000000,-0.000000, 1.000000, 0.000000,
                                 0.000003, 3.803998, 0.000002, 1.000000;;
                              }
                            } // End of ROBOT_SOLDIER_RIG_LeftHandRing4_end
                          } // End of ROBOT_SOLDIER_RIG_LeftHandRing4
                        } // End of ROBOT_SOLDIER_RIG_LeftHandRing3
                      } // End of ROBOT_SOLDIER_RIG_LeftHandRing2
                    } // End of ROBOT_SOLDIER_RIG_LeftHandRing1
                    Frame ROBOT_SOLDIER_RIG_LeftHandThumb1 {
                      FrameTransformMatrix {
                         0.971475,-0.234354,-0.036256, 0.000000,
                         0.149692, 0.724598,-0.672718, 0.000000,
                         0.183925, 0.648102, 0.739010, 0.000000,
                        -1.552597, 6.978198,-6.581905, 1.000000;;
                      }
                      Frame ROBOT_SOLDIER_RIG_LeftHandThumb2 {
                        FrameTransformMatrix {
                           0.964323, 0.092863, 0.247908, 0.000000,
                          -0.118265, 0.988932, 0.089595, 0.000000,
                          -0.236844,-0.115717, 0.964632, 0.000000,
                          -1.822093, 3.180306,-2.029397, 1.000000;;
                        }
                        Frame ROBOT_SOLDIER_RIG_LeftHandThumb3 {
                          FrameTransformMatrix {
                             0.946274,-0.259611, 0.192790, 0.000000,
                             0.234151, 0.961297, 0.145194, 0.000000,
                            -0.223022,-0.092251, 0.970438, 0.000000,
                            -1.959693, 3.394397,-1.959802, 1.000000;;
                          }
                          Frame ROBOT_SOLDIER_RIG_LeftHandThumb4 {
                            FrameTransformMatrix {
                              -0.000001, 1.000000,-0.000000, 0.000000,
                               1.000000, 0.000001,-0.000000, 0.000000,
                              -0.000000,-0.000000,-1.000000, 0.000000,
                              -1.725105, 2.907600,-1.817297, 1.000000;;
                            }
                            Frame ROBOT_SOLDIER_RIG_LeftHandThumb4_end {
                              FrameTransformMatrix {
                                 1.000000, 0.000000, 0.000000, 0.000000,
                                 0.000000, 1.000000,-0.000000, 0.000000,
                                -0.000000, 0.000000, 1.000000, 0.000000,
                                -0.000009, 3.838308, 0.000001, 1.000000;;
                              }
                            } // End of ROBOT_SOLDIER_RIG_LeftHandThumb4_end
                          } // End of ROBOT_SOLDIER_RIG_LeftHandThumb4
                        } // End of ROBOT_SOLDIER_RIG_LeftHandThumb3
                      } // End of ROBOT_SOLDIER_RIG_LeftHandThumb2
                    } // End of ROBOT_SOLDIER_RIG_LeftHandThumb1
                  } // End of ROBOT_SOLDIER_RIG_LeftHand
                } // End of ROBOT_SOLDIER_RIG_LeftForeArm
              } // End of ROBOT_SOLDIER_RIG_LeftArm
            } // End of ROBOT_SOLDIER_RIG_LeftShoulder
            Frame ROBOT_SOLDIER_RIG_Neck {
              FrameTransformMatrix {
                 0.990997,-0.014002,-0.133148, 0.000000,
                 0.010357, 0.999553,-0.028034, 0.000000,
                 0.133481, 0.026402, 0.990700, 0.000000,
                 0.000002, 9.786894, 0.792899, 1.000000;;
              }
              Frame ROBOT_SOLDIER_RIG_Head {
                FrameTransformMatrix {
                   0.925964, 0.115763,-0.359428, 0.000000,
                  -0.255995, 0.892171,-0.372153, 0.000000,
                   0.277590, 0.436612, 0.855753, 0.000000,
                  -0.000001, 7.233998,-1.138401, 1.000000;;
                }
                Frame ROBOT_SOLDIER_RIG_HeadTop_End {
                  FrameTransformMatrix {
                     1.000000, 0.000001,-0.000000, 0.000000,
                    -0.000001, 1.000000, 0.000001, 0.000000,
                    -0.000000,-0.000001, 1.000000, 0.000000,
                     0.000207,30.054066, 4.110001, 1.000000;;
                  }
                  Frame ROBOT_SOLDIER_RIG_HeadTop_End_end {
                    FrameTransformMatrix {
                       1.000000,-0.000000, 0.000000, 0.000000,
                       0.000000, 1.000000,-0.000000, 0.000000,
                       0.000000, 0.000000, 1.000000, 0.000000,
                      -0.000003,30.333649,-0.000006, 1.000000;;
                    }
                  } // End of ROBOT_SOLDIER_RIG_HeadTop_End_end
                } // End of ROBOT_SOLDIER_RIG_HeadTop_End
              } // End of ROBOT_SOLDIER_RIG_Head
            } // End of ROBOT_SOLDIER_RIG_Neck
            Frame ROBOT_SOLDIER_RIG_RightShoulder {
              FrameTransformMatrix {
                 0.747620, 0.664029, 0.011405, 0.000000,
                -0.623433, 0.695789, 0.356663, 0.000000,
                 0.228899,-0.273759, 0.934164, 0.000000,
                -21.496595, 2.870691, 0.705594, 1.000000;;
              }
              Frame ROBOT_SOLDIER_RIG_RightArm {
                FrameTransformMatrix {
                   0.413440, 0.867390, 0.276951, 0.000000,
                  -0.719922, 0.125177, 0.682673, 0.000000,
                   0.557476,-0.481628, 0.676206, 0.000000,
                   0.690000,12.978004,-1.526496, 1.000000;;
                }
                Frame ROBOT_SOLDIER_RIG_RightForeArm {
                  FrameTransformMatrix {
                     0.934925,-0.154146,-0.319616, 0.000000,
                     0.268089,-0.283255, 0.920812, 0.000000,
                    -0.232472,-0.946575,-0.223498, 0.000000,
                    -0.028002,31.225113, 0.000003, 1.000000;;
                  }
                  Frame ROBOT_SOLDIER_RIG_RightHand {
                    FrameTransformMatrix {
                       0.690613, 0.489195,-0.532674, 0.000000,
                      -0.606848, 0.792637,-0.058841, 0.000000,
                       0.393432, 0.363889, 0.844272, 0.000000,
                      -0.000005,31.363312, 0.000006, 1.000000;;
                    }
                    Frame ROBOT_SOLDIER_RIG_RightHandIndex1 {
                      FrameTransformMatrix {
                         0.954659, 0.294024, 0.046640, 0.000000,
                        -0.297139, 0.931476, 0.209907, 0.000000,
                         0.018274,-0.214248, 0.976608, 0.000000,
                         0.151997,13.673014, 4.666799, 1.000000;;
                      }
                      Frame ROBOT_SOLDIER_RIG_RightHandIndex2 {
                        FrameTransformMatrix {
                           0.630772, 0.775105,-0.036604, 0.000000,
                          -0.775829, 0.630850,-0.010812, 0.000000,
                           0.014711, 0.035218, 0.999271, 0.000000,
                           0.000001, 5.537995,-0.000003, 1.000000;;
                        }
                        Frame ROBOT_SOLDIER_RIG_RightHandIndex3 {
                          FrameTransformMatrix {
                            -0.217138, 0.974573,-0.055302, 0.000000,
                            -0.974573,-0.219651,-0.044281, 0.000000,
                            -0.055302, 0.044281, 0.997487, 0.000000,
                             0.000001, 4.575005, 0.000001, 1.000000;;
                          }
                          Frame ROBOT_SOLDIER_RIG_RightHandIndex4 {
                            FrameTransformMatrix {
                               0.000002,-1.000000,-0.000000, 0.000000,
                               1.000000, 0.000002, 0.000000, 0.000000,
                              -0.000000,-0.000000, 1.000000, 0.000000,
                               0.000000, 4.103002, 0.000000, 1.000000;;
                            }
                            Frame ROBOT_SOLDIER_RIG_RightHandIndex4_end {
                              FrameTransformMatrix {
                                 1.000000,-0.000002, 0.000000, 0.000000,
                                 0.000002, 1.000000, 0.000000, 0.000000,
                                -0.000000,-0.000000, 1.000000, 0.000000,
                                -0.000000, 4.103000,-0.000003, 1.000000;;
                              }
                            } // End of ROBOT_SOLDIER_RIG_RightHandIndex4_end
                          } // End of ROBOT_SOLDIER_RIG_RightHandIndex4
                        } // End of ROBOT_SOLDIER_RIG_RightHandIndex3
                      } // End of ROBOT_SOLDIER_RIG_RightHandIndex2
                    } // End of ROBOT_SOLDIER_RIG_RightHandIndex1
                    Frame ROBOT_SOLDIER_RIG_RightHandMiddle1 {
                      FrameTransformMatrix {
                         0.325398, 0.940635, 0.096551, 0.000000,
                        -0.933601, 0.335797,-0.125016, 0.000000,
                        -0.150016,-0.049460, 0.987446, 0.000000,
                         0.130998,13.846016, 1.509798, 1.000000;;
                      }
                      Frame ROBOT_SOLDIER_RIG_RightHandMiddle2 {
                        FrameTransformMatrix {
                          -0.325975, 0.931364,-0.162178, 0.000000,
                          -0.944655,-0.327607, 0.017341, 0.000000,
                          -0.036980, 0.158855, 0.986609, 0.000000,
                           0.000000, 6.632005,-0.000003, 1.000000;;
                        }
                        Frame ROBOT_SOLDIER_RIG_RightHandMiddle3 {
                          FrameTransformMatrix {
                            -0.013504, 0.984853,-0.172865, 0.000000,
                            -0.984853,-0.042988,-0.167979, 0.000000,
                            -0.172865, 0.167979, 0.970516, 0.000000,
                             0.000001, 4.460996,-0.000003, 1.000000;;
                          }
                          Frame ROBOT_SOLDIER_RIG_RightHandMiddle4 {
                            FrameTransformMatrix {
                               0.000000,-1.000000, 0.000000, 0.000000,
                               1.000000, 0.000000, 0.000000, 0.000000,
                              -0.000000, 0.000000, 1.000000, 0.000000,
                               0.000002, 4.718000,-0.000001, 1.000000;;
                            }
                            Frame ROBOT_SOLDIER_RIG_RightHandMiddle4_end {
                              FrameTransformMatrix {
                                 1.000000,-0.000000, 0.000000, 0.000000,
                                 0.000000, 1.000000, 0.000000, 0.000000,
                                 0.000000,-0.000000, 1.000000, 0.000000,
                                 0.000001, 4.718003, 0.000009, 1.000000;;
                              }
                            } // End of ROBOT_SOLDIER_RIG_RightHandMiddle4_end
                          } // End of ROBOT_SOLDIER_RIG_RightHandMiddle4
                        } // End of ROBOT_SOLDIER_RIG_RightHandMiddle3
                      } // End of ROBOT_SOLDIER_RIG_RightHandMiddle2
                    } // End of ROBOT_SOLDIER_RIG_RightHandMiddle1
                    Frame ROBOT_SOLDIER_RIG_RightHandPinky1 {
                      FrameTransformMatrix {
                         0.212834, 0.943224,-0.255009, 0.000000,
                        -0.976285, 0.194705,-0.094650, 0.000000,
                        -0.039625, 0.269106, 0.962295, 0.000000,
                        -0.226010,13.951017,-4.916306, 1.000000;;
                      }
                      Frame ROBOT_SOLDIER_RIG_RightHandPinky2 {
                        FrameTransformMatrix {
                           0.661937, 0.748926, 0.030819, 0.000000,
                          -0.720278, 0.646920,-0.250388, 0.000000,
                          -0.207459, 0.143543, 0.967655, 0.000000,
                           0.000001, 4.251004, 0.000001, 1.000000;;
                        }
                        Frame ROBOT_SOLDIER_RIG_RightHandPinky3 {
                          FrameTransformMatrix {
                             0.206988, 0.966465,-0.151992, 0.000000,
                            -0.966465, 0.177857,-0.185237, 0.000000,
                            -0.151992, 0.185237, 0.970869, 0.000000,
                             0.000002, 2.820991, 0.000002, 1.000000;;
                          }
                          Frame ROBOT_SOLDIER_RIG_RightHandPinky4 {
                            FrameTransformMatrix {
                               0.000000,-1.000000, 0.000000, 0.000000,
                               1.000000, 0.000000, 0.000000, 0.000000,
                              -0.000000, 0.000000, 1.000000, 0.000000,
                              -0.000000, 3.367005, 0.000006, 1.000000;;
                            }
                            Frame ROBOT_SOLDIER_RIG_RightHandPinky4_end {
                              FrameTransformMatrix {
                                 1.000000,-0.000000, 0.000000, 0.000000,
                                 0.000000, 1.000000, 0.000000, 0.000000,
                                -0.000000,-0.000000, 1.000000, 0.000000,
                                -0.000003, 3.367001,-0.000016, 1.000000;;
                              }
                            } // End of ROBOT_SOLDIER_RIG_RightHandPinky4_end
                          } // End of ROBOT_SOLDIER_RIG_RightHandPinky4
                        } // End of ROBOT_SOLDIER_RIG_RightHandPinky3
                      } // End of ROBOT_SOLDIER_RIG_RightHandPinky2
                    } // End of ROBOT_SOLDIER_RIG_RightHandPinky1
                    Frame ROBOT_SOLDIER_RIG_RightHandRing1 {
                      FrameTransformMatrix {
                         0.291294, 0.930812,-0.220767, 0.000000,
                        -0.956631, 0.283938,-0.065080, 0.000000,
                         0.002107, 0.230150, 0.973153, 0.000000,
                         0.009998,14.373019,-1.886907, 1.000000;;
                      }
                      Frame ROBOT_SOLDIER_RIG_RightHandRing2 {
                        FrameTransformMatrix {
                           0.188177, 0.969212,-0.158803, 0.000000,
                          -0.946290, 0.135639,-0.293492, 0.000000,
                          -0.262916, 0.205502, 0.942679, 0.000000,
                           0.000005, 5.068999,-0.000000, 1.000000;;
                        }
                        Frame ROBOT_SOLDIER_RIG_RightHandRing3 {
                          FrameTransformMatrix {
                             0.797076, 0.602344,-0.043026, 0.000000,
                            -0.602344, 0.787953,-0.127715, 0.000000,
                            -0.043026, 0.127715, 0.990877, 0.000000,
                            -0.000003, 3.781994,-0.000009, 1.000000;;
                          }
                          Frame ROBOT_SOLDIER_RIG_RightHandRing4 {
                            FrameTransformMatrix {
                               0.000000,-1.000000, 0.000000, 0.000000,
                               1.000000, 0.000000, 0.000000, 0.000000,
                              -0.000000, 0.000000, 1.000000, 0.000000,
                               0.000001, 3.804011, 0.000005, 1.000000;;
                            }
                            Frame ROBOT_SOLDIER_RIG_RightHandRing4_end {
                              FrameTransformMatrix {
                                 1.000000,-0.000000,-0.000000, 0.000000,
                                 0.000000, 1.000000,-0.000000, 0.000000,
                                 0.000000, 0.000000, 1.000000, 0.000000,
                                -0.000007, 3.804007, 0.000011, 1.000000;;
                              }
                            } // End of ROBOT_SOLDIER_RIG_RightHandRing4_end
                          } // End of ROBOT_SOLDIER_RIG_RightHandRing4
                        } // End of ROBOT_SOLDIER_RIG_RightHandRing3
                      } // End of ROBOT_SOLDIER_RIG_RightHandRing2
                    } // End of ROBOT_SOLDIER_RIG_RightHandRing1
                    Frame ROBOT_SOLDIER_RIG_RightHandThumb1 {
                      FrameTransformMatrix {
                         0.590554,-0.262771, 0.763019, 0.000000,
                        -0.282164, 0.818589, 0.500295, 0.000000,
                        -0.756062,-0.510747, 0.409277, 0.000000,
                        -1.552003, 6.978013, 6.581898, 1.000000;;
                      }
                      Frame ROBOT_SOLDIER_RIG_RightHandThumb2 {
                        FrameTransformMatrix {
                           0.969453,-0.199372, 0.142869, 0.000000,
                           0.243658, 0.849627,-0.467722, 0.000000,
                          -0.028135, 0.488245, 0.872253, 0.000000,
                          -1.823003, 3.180002, 2.029407, 1.000000;;
                        }
                        Frame ROBOT_SOLDIER_RIG_RightHandThumb3 {
                          FrameTransformMatrix {
                             0.861680,-0.089550, 0.499489, 0.000000,
                             0.472835, 0.499009,-0.726235, 0.000000,
                            -0.184215, 0.861957, 0.472329, 0.000000,
                            -1.958997, 3.395005, 1.959803, 1.000000;;
                          }
                          Frame ROBOT_SOLDIER_RIG_RightHandThumb4 {
                            FrameTransformMatrix {
                               0.000001,-1.000000,-0.000000, 0.000000,
                               1.000000, 0.000001,-0.000000, 0.000000,
                               0.000000,-0.000000, 1.000000, 0.000000,
                              -1.725002, 2.907002, 1.817398, 1.000000;;
                            }
                            Frame ROBOT_SOLDIER_RIG_RightHandThumb4_end {
                              FrameTransformMatrix {
                                 1.000000, 0.000000,-0.000000, 0.000000,
                                -0.000000, 1.000000, 0.000001, 0.000000,
                                 0.000000,-0.000001, 1.000000, 0.000000,
                                -0.000003, 3.837810,-0.000003, 1.000000;;
                              }
                            } // End of ROBOT_SOLDIER_RIG_RightHandThumb4_end
                          } // End of ROBOT_SOLDIER_RIG_RightHandThumb4
                        } // End of ROBOT_SOLDIER_RIG_RightHandThumb3
                      } // End of ROBOT_SOLDIER_RIG_RightHandThumb2
                    } // End of ROBOT_SOLDIER_RIG_RightHandThumb1
                  } // End of ROBOT_SOLDIER_RIG_RightHand
                } // End of ROBOT_SOLDIER_RIG_RightForeArm
              } // End of ROBOT_SOLDIER_RIG_RightArm
            } // End of ROBOT_SOLDIER_RIG_RightShoulder
          } // End of ROBOT_SOLDIER_RIG_Spine2
        } // End of ROBOT_SOLDIER_RIG_Spine1
      } // End of ROBOT_SOLDIER_RIG_Spine
    } // End of ROBOT_SOLDIER_RIG_Hips
  } // End of ROBOT_SOLDIER_RIG
} // End of Root
AnimationSet Global {
  Animation {
    {ROBOT_SOLDIER_RIG}
    AnimationKey { // Rotation
      0;
      78;
      0;4;-0.707107, 0.707107, 0.000000, 0.000000;;,
      1;4;-0.707107, 0.707107, 0.000000, 0.000000;;,
      2;4;-0.707107, 0.707107, 0.000000, 0.000000;;,
      3;4;-0.707107, 0.707107, 0.000000, 0.000000;;,
      4;4;-0.707107, 0.707107, 0.000000, 0.000000;;,
      5;4;-0.707107, 0.707107, 0.000000, 0.000000;;,
      6;4;-0.707107, 0.707107, 0.000000, 0.000000;;,
      7;4;-0.707107, 0.707107, 0.000000, 0.000000;;,
      8;4;-0.707107, 0.707107, 0.000000, 0.000000;;,
      9;4;-0.707107, 0.707107, 0.000000, 0.000000;;,
      10;4;-0.707107, 0.707107, 0.000000, 0.000000;;,
      11;4;-0.707107, 0.707107, 0.000000, 0.000000;;,
      12;4;-0.707107, 0.707107, 0.000000, 0.000000;;,
      13;4;-0.707107, 0.707107, 0.000000, 0.000000;;,
      14;4;-0.707107, 0.707107, 0.000000, 0.000000;;,
      15;4;-0.707107, 0.707107, 0.000000, 0.000000;;,
      16;4;-0.707107, 0.707107, 0.000000, 0.000000;;,
      17;4;-0.707107, 0.707107, 0.000000, 0.000000;;,
      18;4;-0.707107, 0.707107, 0.000000, 0.000000;;,
      19;4;-0.707107, 0.707107, 0.000000, 0.000000;;,
      20;4;-0.707107, 0.707107, 0.000000, 0.000000;;,
      21;4;-0.707107, 0.707107, 0.000000, 0.000000;;,
      22;4;-0.707107, 0.707107, 0.000000, 0.000000;;,
      23;4;-0.707107, 0.707107, 0.000000, 0.000000;;,
      24;4;-0.707107, 0.707107, 0.000000, 0.000000;;,
      25;4;-0.707107, 0.707107, 0.000000, 0.000000;;,
      26;4;-0.707107, 0.707107, 0.000000, 0.000000;;,
      27;4;-0.707107, 0.707107, 0.000000, 0.000000;;,
      28;4;-0.707107, 0.707107, 0.000000, 0.000000;;,
      29;4;-0.707107, 0.707107, 0.000000, 0.000000;;,
      30;4;-0.707107, 0.707107, 0.000000, 0.000000;;,
      31;4;-0.707107, 0.707107, 0.000000, 0.000000;;,
      32;4;-0.707107, 0.707107, 0.000000, 0.000000;;,
      33;4;-0.707107, 0.707107, 0.000000, 0.000000;;,
      34;4;-0.707107, 0.707107, 0.000000, 0.000000;;,
      35;4;-0.707107, 0.707107, 0.000000, 0.000000;;,
      36;4;-0.707107, 0.707107, 0.000000, 0.000000;;,
      37;4;-0.707107, 0.707107, 0.000000, 0.000000;;,
      38;4;-0.707107, 0.707107, 0.000000, 0.000000;;,
      39;4;-0.707107, 0.707107, 0.000000, 0.000000;;,
      40;4;-0.707107, 0.707107, 0.000000, 0.000000;;,
      41;4;-0.707107, 0.707107, 0.000000, 0.000000;;,
      42;4;-0.707107, 0.707107, 0.000000, 0.000000;;,
      43;4;-0.707107, 0.707107, 0.000000, 0.000000;;,
      44;4;-0.707107, 0.707107, 0.000000, 0.000000;;,
      45;4;-0.707107, 0.707107, 0.000000, 0.000000;;,
      46;4;-0.707107, 0.707107, 0.000000, 0.000000;;,
      47;4;-0.707107, 0.707107, 0.000000, 0.000000;;,
      48;4;-0.707107, 0.707107, 0.000000, 0.000000;;,
      49;4;-0.707107, 0.707107, 0.000000, 0.000000;;,
      50;4;-0.707107, 0.707107, 0.000000, 0.000000;;,
      51;4;-0.707107, 0.707107, 0.000000, 0.000000;;,
      52;4;-0.707107, 0.707107, 0.000000, 0.000000;;,
      53;4;-0.707107, 0.707107, 0.000000, 0.000000;;,
      54;4;-0.707107, 0.707107, 0.000000, 0.000000;;,
      55;4;-0.707107, 0.707107, 0.000000, 0.000000;;,
      56;4;-0.707107, 0.707107, 0.000000, 0.000000;;,
      57;4;-0.707107, 0.707107, 0.000000, 0.000000;;,
      58;4;-0.707107, 0.707107, 0.000000, 0.000000;;,
      59;4;-0.707107, 0.707107, 0.000000, 0.000000;;,
      60;4;-0.707107, 0.707107, 0.000000, 0.000000;;,
      61;4;-0.707107, 0.707107, 0.000000, 0.000000;;,
      62;4;-0.707107, 0.707107, 0.000000, 0.000000;;,
      63;4;-0.707107, 0.707107, 0.000000, 0.000000;;,
      64;4;-0.707107, 0.707107, 0.000000, 0.000000;;,
      65;4;-0.707107, 0.707107, 0.000000, 0.000000;;,
      66;4;-0.707107, 0.707107, 0.000000, 0.000000;;,
      67;4;-0.707107, 0.707107, 0.000000, 0.000000;;,
