xof 0303txt 0032

template XSkinMeshHeader {
  <3cf169ce-ff7c-44ab-93c0-f78f62d172e2>
  WORD nMaxSkinWeightsPerVertex;
  WORD nMaxSkinWeightsPerFace;
  WORD nBones;
}

template SkinWeights {
  <6f0d123b-bad2-4167-a0d0-80224f25fabb>
  STRING transformNodeName;
  DWORD nWeights;
  array DWORD vertexIndices[nWeights];
  array float weights[nWeights];
  Matrix4x4 matrixOffset;
}

Frame Root {
  FrameTransformMatrix {
     1.000000, 0.000000, 0.000000, 0.000000,
     0.000000,-0.000000,-1.000000, 0.000000,
     0.000000, 1.000000,-0.000000, 0.000000,
     0.000000, 0.000000, 0.000000, 1.000000;;
  }
  Frame ROBOT_SOLDIER_RIG {
    FrameTransformMatrix {
       0.100000, 0.000000, 0.000000, 0.000000,
       0.000000,-0.000000, 0.100000, 0.000000,
       0.000000,-0.100000,-0.000000, 0.000000,
       0.000000, 0.000000, 0.000000, 1.000000;;
    }
    Frame ROBOT_SOLDIER_RIG_Hips {
      FrameTransformMatrix {
         0.890126,-0.272590, 0.365199, 0.000000,
         0.264757, 0.961591, 0.072434, 0.000000,
        -0.370917, 0.032214, 0.928107, 0.000000,
         4.229670,73.843475, 1.144048, 1.000000;;
      }
      Frame ROBOT_SOLDIER_RIG_LeftUpLeg {
        FrameTransformMatrix {
           0.807626, 0.369703,-0.459412, 0.000000,
          -0.555440, 0.215261,-0.803212, 0.000000,
          -0.198056, 0.903871, 0.379198, 0.000000,
          12.894798,-9.482491,-0.055402, 1.000000;;
        }
        Frame ROBOT_SOLDIER_RIG_LeftLeg {
          FrameTransformMatrix {
             0.999073, 0.037968,-0.020276, 0.000000,
             0.041290,-0.712321, 0.700639, 0.000000,
             0.012159,-0.700827,-0.713228, 0.000000,
             0.244698,-40.595406,-0.516996, 1.000000;;
          }
          Frame ROBOT_SOLDIER_RIG_LeftFoot {
            FrameTransformMatrix {
               0.981198,-0.061479, 0.182953, 0.000000,
              -0.029920, 0.888002, 0.458866, 0.000000,
              -0.190673,-0.455712, 0.869465, 0.000000,
              -0.244698,-42.048012,-2.057599, 1.000000;;
            }
            Frame ROBOT_SOLDIER_RIG_LeftToeBase {
              FrameTransformMatrix {
                 0.999694, 0.024546,-0.003207, 0.000000,
                -0.024719, 0.982953,-0.182188, 0.000000,
                -0.001320, 0.182212, 0.983258, 0.000000,
                 0.373400,-10.492212,12.640701, 1.000000;;
              }
              Frame ROBOT_SOLDIER_RIG_LeftToe_End {
                FrameTransformMatrix {
                   1.000000,-0.000000, 0.000000, 0.000000,
                   0.000000, 1.000000, 0.000000, 0.000000,
                  -0.000000,-0.000000, 1.000000, 0.000000,
                  -0.000000,-0.000001, 9.992501, 1.000000;;
                }
                Frame ROBOT_SOLDIER_RIG_LeftToe_End_end {
                  FrameTransformMatrix {
                     1.000000,-0.000000,-0.000000, 0.000000,
                     0.000000, 1.000000, 0.000000, 0.000000,
                     0.000000,-0.000000, 1.000000, 0.000000,
                    -0.000001, 9.992500,-0.000002, 1.000000;;
                  }
                } // End of ROBOT_SOLDIER_RIG_LeftToe_End_end
              } // End of ROBOT_SOLDIER_RIG_LeftToe_End
            } // End of ROBOT_SOLDIER_RIG_LeftToeBase
          } // End of ROBOT_SOLDIER_RIG_LeftFoot
        } // End of ROBOT_SOLDIER_RIG_LeftLeg
      } // End of ROBOT_SOLDIER_RIG_LeftUpLeg
      Frame ROBOT_SOLDIER_RIG_RightUpLeg {
        FrameTransformMatrix {
           0.861233, 0.461829,-0.212111, 0.000000,
          -0.393047, 0.340706,-0.854069, 0.000000,
          -0.322167, 0.818922, 0.474948, 0.000000,
          -12.894802,-9.482496,-0.055400, 1.000000;;
        }
        Frame ROBOT_SOLDIER_RIG_RightLeg {
          FrameTransformMatrix {
             0.948639,-0.232608,-0.214425, 0.000000,
             0.114458,-0.379519, 0.918077, 0.000000,
            -0.294931,-0.895466,-0.333403, 0.000000,
            -0.244695,-40.595398,-0.516990, 1.000000;;
          }
          Frame ROBOT_SOLDIER_RIG_RightFoot {
            FrameTransformMatrix {
               0.995874, 0.076694,-0.048516, 0.000000,
              -0.088304, 0.695606,-0.712976, 0.000000,
              -0.020933, 0.714318, 0.699508, 0.000000,
               0.244701,-42.048008,-2.057614, 1.000000;;
            }
            Frame ROBOT_SOLDIER_RIG_RightToeBase {
              FrameTransformMatrix {
                 0.999958, 0.008507, 0.003299, 0.000000,
                -0.008497, 0.999960,-0.002943, 0.000000,
                -0.003324, 0.002915, 0.999990, 0.000000,
                -0.373401,-10.492209,12.640697, 1.000000;;
              }
              Frame ROBOT_SOLDIER_RIG_RightToe_End {
                FrameTransformMatrix {
                   1.000000,-0.000000,-0.000000, 0.000000,
                   0.000000, 1.000000, 0.000000, 0.000000,
                   0.000000,-0.000000, 1.000000, 0.000000,
                   0.000001,-0.000002, 9.992502, 1.000000;;
                }
                Frame ROBOT_SOLDIER_RIG_RightToe_End_end {
                  FrameTransformMatrix {
                     1.000000, 0.000000,-0.000000, 0.000000,
                    -0.000000, 1.000000, 0.000000, 0.000000,
                     0.000000,-0.000000, 1.000000, 0.000000,
                    -0.000002, 9.992503,-0.000000, 1.000000;;
                  }
                } // End of ROBOT_SOLDIER_RIG_RightToe_End_end
              } // End of ROBOT_SOLDIER_RIG_RightToe_End
            } // End of ROBOT_SOLDIER_RIG_RightToeBase
          } // End of ROBOT_SOLDIER_RIG_RightFoot
        } // End of ROBOT_SOLDIER_RIG_RightLeg
      } // End of ROBOT_SOLDIER_RIG_RightUpLeg
      Frame ROBOT_SOLDIER_RIG_Spine {
        FrameTransformMatrix {
           0.973895, 0.206356, 0.094585, 0.000000,
          -0.224749, 0.935082, 0.274062, 0.000000,
          -0.031891,-0.288165, 0.957049, 0.000000,
          -0.000001,13.395805,-1.227301, 1.000000;;
        }
        Frame ROBOT_SOLDIER_RIG_Spine1 {
          FrameTransformMatrix {
             0.999027,-0.000322, 0.044106, 0.000000,
            -0.012230, 0.958738, 0.284028, 0.000000,
            -0.042378,-0.284291, 0.957801, 0.000000,
            -0.000102,13.655691,-1.422302, 1.000000;;
          }
          Frame ROBOT_SOLDIER_RIG_Spine2 {
            FrameTransformMatrix {
               0.998510, 0.007812, 0.054006, 0.000000,
              -0.022777, 0.959022, 0.282414, 0.000000,
              -0.049586,-0.283224, 0.957771, 0.000000,
               0.000098,13.360194,-1.626501, 1.000000;;
            }
            Frame ROBOT_SOLDIER_RIG_LeftShoulder {
              FrameTransformMatrix {
                 0.779661, 0.527627, 0.337251, 0.000000,
                -0.486174, 0.849466,-0.205042, 0.000000,
                -0.394669,-0.004100, 0.918814, 0.000000,
                21.496599, 2.870901, 0.705600, 1.000000;;
              }
              Frame ROBOT_SOLDIER_RIG_LeftArm {
                FrameTransformMatrix {
                   0.048488,-0.940336, 0.336774, 0.000000,
                   0.678850, 0.278353, 0.679472, 0.000000,
                  -0.732674, 0.195673, 0.651844, 0.000000,
                  12.978001, 0.690189,-1.526498, 1.000000;;
                }
                Frame ROBOT_SOLDIER_RIG_LeftForeArm {
                  FrameTransformMatrix {
                     0.161685, 0.977147,-0.137993, 0.000000,
                    -0.985909, 0.153863,-0.065650, 0.000000,
                    -0.042918, 0.146663, 0.988255, 0.000000,
                    31.225197,-0.028201, 0.000002, 1.000000;;
                  }
                  Frame ROBOT_SOLDIER_RIG_LeftHand {
                    FrameTransformMatrix {
                       0.939856,-0.053908, 0.337289, 0.000000,
                      -0.223533,-0.843721, 0.488024, 0.000000,
                       0.258270,-0.534068,-0.805027, 0.000000,
                      31.363207,-0.000010,-0.000002, 1.000000;;
                    }
                    Frame ROBOT_SOLDIER_RIG_LeftHandIndex1 {
                      FrameTransformMatrix {
                         0.374998,-0.906908, 0.192078, 0.000000,
                         0.912651, 0.397518, 0.095115, 0.000000,
                        -0.162615, 0.139633, 0.976759, 0.000000,
                        13.672708, 0.151805, 4.666803, 1.000000;;
                      }
                      Frame ROBOT_SOLDIER_RIG_LeftHandIndex2 {
                        FrameTransformMatrix {
                           0.316623,-0.948518, 0.007983, 0.000000,
                           0.937659, 0.311705,-0.153738, 0.000000,
                           0.143335, 0.056162, 0.988079, 0.000000,
                           5.537898, 0.000003,-0.000003, 1.000000;;
                        }
                        Frame ROBOT_SOLDIER_RIG_LeftHandIndex3 {
                          FrameTransformMatrix {
                             0.965926, 0.255847, 0.039110, 0.000000,
                            -0.255847, 0.966704,-0.005090, 0.000000,
                            -0.039110,-0.005090, 0.999222, 0.000000,
                             4.575101, 0.000006, 0.000004, 1.000000;;
                          }
                          Frame ROBOT_SOLDIER_RIG_LeftHandIndex4 {
                            FrameTransformMatrix {
                               1.000000,-0.000000, 0.000000, 0.000000,
                               0.000000, 1.000000, 0.000000, 0.000000,
                              -0.000000,-0.000000, 1.000000, 0.000000,
                               4.103009,-0.000005,-0.000002, 1.000000;;
                            }
                            Frame ROBOT_SOLDIER_RIG_LeftHandIndex4_end {
                              FrameTransformMatrix {
                                 1.000000, 0.000000,-0.000000, 0.000000,
                                -0.000000, 1.000000,-0.000000, 0.000000,
                                 0.000000, 0.000000, 1.000000, 0.000000,
                                -0.000006, 4.102997, 0.000004, 1.000000;;
                              }
                            } // End of ROBOT_SOLDIER_RIG_LeftHandIndex4_end
                          } // End of ROBOT_SOLDIER_RIG_LeftHandIndex4
                        } // End of ROBOT_SOLDIER_RIG_LeftHandIndex3
                      } // End of ROBOT_SOLDIER_RIG_LeftHandIndex2
                    } // End of ROBOT_SOLDIER_RIG_LeftHandIndex1
                    Frame ROBOT_SOLDIER_RIG_LeftHandMiddle1 {
                      FrameTransformMatrix {
                         0.360169,-0.918822, 0.161386, 0.000000,
                         0.932430, 0.359979,-0.031449, 0.000000,
                        -0.029199, 0.161808, 0.986390, 0.000000,
                        13.845903, 0.130700, 1.509802, 1.000000;;
                      }
                      Frame ROBOT_SOLDIER_RIG_LeftHandMiddle2 {
                        FrameTransformMatrix {
                           0.391649,-0.913574,-0.109518, 0.000000,
                           0.908311, 0.402881,-0.112508, 0.000000,
                           0.146907,-0.055413, 0.987597, 0.000000,
                           6.632599, 0.000007, 0.000002, 1.000000;;
                        }
                        Frame ROBOT_SOLDIER_RIG_LeftHandMiddle3 {
                          FrameTransformMatrix {
                             0.985880, 0.165305, 0.026736, 0.000000,
                            -0.165305, 0.986240,-0.002226, 0.000000,
                            -0.026736,-0.002225, 0.999640, 0.000000,
                             4.460296, 0.000001,-0.000002, 1.000000;;
                          }
                          Frame ROBOT_SOLDIER_RIG_LeftHandMiddle4 {
                            FrameTransformMatrix {
                               1.000000, 0.000000, 0.000000, 0.000000,
                              -0.000000, 1.000000, 0.000000, 0.000000,
                              -0.000000,-0.000000, 1.000000, 0.000000,
                               4.718611, 0.000002,-0.000004, 1.000000;;
                            }
                            Frame ROBOT_SOLDIER_RIG_LeftHandMiddle4_end {
                              FrameTransformMatrix {
                                 1.000000,-0.000000,-0.000000, 0.000000,
                                 0.000000, 1.000000,-0.000000, 0.000000,
                                -0.000000, 0.000000, 1.000000, 0.000000,
                                -0.000002, 4.718609,-0.000006, 1.000000;;
                              }
                            } // End of ROBOT_SOLDIER_RIG_LeftHandMiddle4_end
                          } // End of ROBOT_SOLDIER_RIG_LeftHandMiddle4
                        } // End of ROBOT_SOLDIER_RIG_LeftHandMiddle3
                      } // End of ROBOT_SOLDIER_RIG_LeftHandMiddle2
                    } // End of ROBOT_SOLDIER_RIG_LeftHandMiddle1
                    Frame ROBOT_SOLDIER_RIG_LeftHandPinky1 {
                      FrameTransformMatrix {
                         0.460341,-0.883882, 0.082699, 0.000000,
                         0.837991, 0.401905,-0.369111, 0.000000,
                         0.293013, 0.239218, 0.925699, 0.000000,
                        13.950807,-0.226405,-4.916302, 1.000000;;
                      }
                      Frame ROBOT_SOLDIER_RIG_LeftHandPinky2 {
                        FrameTransformMatrix {
                           0.367709,-0.829528,-0.420325, 0.000000,
                           0.872476, 0.464160,-0.152777, 0.000000,
                           0.321832,-0.310546, 0.894419, 0.000000,
                           4.251005, 0.000001, 0.000008, 1.000000;;
                        }
                        Frame ROBOT_SOLDIER_RIG_LeftHandPinky3 {
                          FrameTransformMatrix {
                             0.982934, 0.172592, 0.063664, 0.000000,
                            -0.172592, 0.984978,-0.005540, 0.000000,
                            -0.063664,-0.005542, 0.997956, 0.000000,
                             2.821097,-0.000006, 0.000004, 1.000000;;
                          }
                          Frame ROBOT_SOLDIER_RIG_LeftHandPinky4 {
                            FrameTransformMatrix {
                               1.000000,-0.000000,-0.000000, 0.000000,
                               0.000000, 1.000000,-0.000000, 0.000000,
                               0.000000,-0.000000, 1.000000, 0.000000,
                               3.367096, 0.000001,-0.000002, 1.000000;;
                            }
                            Frame ROBOT_SOLDIER_RIG_LeftHandPinky4_end {
                              FrameTransformMatrix {
                                 1.000000,-0.000000,-0.000000, 0.000000,
                                 0.000000, 1.000000, 0.000000, 0.000000,
                                -0.000000,-0.000000, 1.000000, 0.000000,
                                -0.000001, 3.367101,-0.000003, 1.000000;;
                              }
                            } // End of ROBOT_SOLDIER_RIG_LeftHandPinky4_end
                          } // End of ROBOT_SOLDIER_RIG_LeftHandPinky4
                        } // End of ROBOT_SOLDIER_RIG_LeftHandPinky3
                      } // End of ROBOT_SOLDIER_RIG_LeftHandPinky2
                    } // End of ROBOT_SOLDIER_RIG_LeftHandPinky1
                    Frame ROBOT_SOLDIER_RIG_LeftHandRing1 {
                      FrameTransformMatrix {
                         0.381749,-0.920295, 0.085583, 0.000000,
                         0.910201, 0.358232,-0.207856, 0.000000,
                         0.160630, 0.157247, 0.974408, 0.000000,
                        14.372707, 0.009898,-1.887001, 1.000000;;
                      }
                      Frame ROBOT_SOLDIER_RIG_LeftHandRing2 {
                        FrameTransformMatrix {
                           0.293847,-0.913946,-0.279924, 0.000000,
                           0.926208, 0.344618,-0.152894, 0.000000,
                           0.236204,-0.214341, 0.947769, 0.000000,
                           5.069504, 0.000005, 0.000006, 1.000000;;
                        }
                        Frame ROBOT_SOLDIER_RIG_LeftHandRing3 {
                          FrameTransformMatrix {
                             0.999993,-0.003569,-0.000910, 0.000000,
                             0.003569, 0.999994,-0.000002, 0.000000,
                             0.000910,-0.000002, 1.000000, 0.000000,
                             3.781906, 0.000008,-0.000002, 1.000000;;
                          }
                          Frame ROBOT_SOLDIER_RIG_LeftHandRing4 {
                            FrameTransformMatrix {
                               1.000000, 0.000000, 0.000000, 0.000000,
                              -0.000000, 1.000000,-0.000000, 0.000000,
                               0.000000, 0.000000, 1.000000, 0.000000,
                               3.804000, 0.000002, 0.000002, 1.000000;;
                            }
                            Frame ROBOT_SOLDIER_RIG_LeftHandRing4_end {
                              FrameTransformMatrix {
                                 1.000000, 0.000000, 0.000000, 0.000000,
                                 0.000000, 1.000000, 0.000000, 0.000000,
                                -0.000000, 0.000000, 1.000000, 0.000000,
                                -0.000001, 3.804001,-0.000002, 1.000000;;
                              }
                            } // End of ROBOT_SOLDIER_RIG_LeftHandRing4_end
                          } // End of ROBOT_SOLDIER_RIG_LeftHandRing4
                        } // End of ROBOT_SOLDIER_RIG_LeftHandRing3
                      } // End of ROBOT_SOLDIER_RIG_LeftHandRing2
                    } // End of ROBOT_SOLDIER_RIG_LeftHandRing1
                    Frame ROBOT_SOLDIER_RIG_LeftHandThumb1 {
                      FrameTransformMatrix {
                         0.724598, 0.149692, 0.672718, 0.000000,
                        -0.234354, 0.971475, 0.036256, 0.000000,
                        -0.648102,-0.183925, 0.739010, 0.000000,
                         6.978201,-1.552595, 6.581905, 1.000000;;
                      }
                      Frame ROBOT_SOLDIER_RIG_LeftHandThumb2 {
                        FrameTransformMatrix {
                           0.988932,-0.118266,-0.089595, 0.000000,
                           0.092863, 0.964323,-0.247908, 0.000000,
                           0.115717, 0.236844, 0.964632, 0.000000,
                           3.180298,-1.822102, 2.029400, 1.000000;;
                        }
                        Frame ROBOT_SOLDIER_RIG_LeftHandThumb3 {
                          FrameTransformMatrix {
                             0.961297, 0.234149,-0.145194, 0.000000,
                            -0.259609, 0.946275,-0.192789, 0.000000,
                             0.092252, 0.223022, 0.970439, 0.000000,
                             3.394401,-1.959690, 1.959803, 1.000000;;
                          }
                          Frame ROBOT_SOLDIER_RIG_LeftHandThumb4 {
                            FrameTransformMatrix {
                               1.000000, 0.000000, 0.000000, 0.000000,
                              -0.000000, 1.000000,-0.000000, 0.000000,
                              -0.000000, 0.000000, 1.000000, 0.000000,
                               2.907601,-1.725101, 1.817302, 1.000000;;
                            }
                            Frame ROBOT_SOLDIER_RIG_LeftHandThumb4_end {
                              FrameTransformMatrix {
                                 1.000000,-0.000000, 0.000000, 0.000000,
                                 0.000000, 1.000000,-0.000000, 0.000000,
                                 0.000000, 0.000000, 1.000000, 0.000000,
                                -0.000004, 3.838311,-0.000001, 1.000000;;
                              }
                            } // End of ROBOT_SOLDIER_RIG_LeftHandThumb4_end
                          } // End of ROBOT_SOLDIER_RIG_LeftHandThumb4
                        } // End of ROBOT_SOLDIER_RIG_LeftHandThumb3
                      } // End of ROBOT_SOLDIER_RIG_LeftHandThumb2
                    } // End of ROBOT_SOLDIER_RIG_LeftHandThumb1
                  } // End of ROBOT_SOLDIER_RIG_LeftHand
                } // End of ROBOT_SOLDIER_RIG_LeftForeArm
              } // End of ROBOT_SOLDIER_RIG_LeftArm
            } // End of ROBOT_SOLDIER_RIG_LeftShoulder
            Frame ROBOT_SOLDIER_RIG_Neck {
              FrameTransformMatrix {
                 0.990297,-0.005056,-0.138875, 0.000000,
                 0.001640, 0.999694,-0.024704, 0.000000,
                 0.138958, 0.024236, 0.990002, 0.000000,
                -0.000002, 9.786886, 0.792900, 1.000000;;
              }
              Frame ROBOT_SOLDIER_RIG_Head {
                FrameTransformMatrix {
                   0.920226, 0.104296,-0.377236, 0.000000,
                  -0.258590, 0.885523,-0.385978, 0.000000,
                   0.293795, 0.452737, 0.841851, 0.000000,
                  -0.000001, 7.234009,-1.138398, 1.000000;;
                }
                Frame ROBOT_SOLDIER_RIG_HeadTop_End {
                  FrameTransformMatrix {
                     1.000000, 0.000001, 0.000000, 0.000000,
                    -0.000001, 1.000000, 0.000001, 0.000000,
                     0.000000,-0.000001, 1.000000, 0.000000,
                     0.000205,30.054056, 4.110002, 1.000000;;
                  }
                  Frame ROBOT_SOLDIER_RIG_HeadTop_End_end {
                    FrameTransformMatrix {
                       1.000000,-0.000000, 0.000000, 0.000000,
                       0.000000, 1.000000,-0.000000, 0.000000,
                      -0.000000, 0.000000, 1.000000, 0.000000,
                       0.000007,30.333668, 0.000004, 1.000000;;
                    }
                  } // End of ROBOT_SOLDIER_RIG_HeadTop_End_end
                } // End of ROBOT_SOLDIER_RIG_HeadTop_End
              } // End of ROBOT_SOLDIER_RIG_Head
            } // End of ROBOT_SOLDIER_RIG_Neck
            Frame ROBOT_SOLDIER_RIG_RightShoulder {
              FrameTransformMatrix {
                 0.608792,-0.686877,-0.396953, 0.000000,
                 0.744766, 0.667213,-0.012309, 0.000000,
                 0.273307,-0.288144, 0.917756, 0.000000,
                -21.496599, 2.870689, 0.705596, 1.000000;;
              }
              Frame ROBOT_SOLDIER_RIG_RightArm {
                FrameTransformMatrix {
                   0.179219, 0.692572,-0.698730, 0.000000,
                  -0.879662, 0.430842, 0.201418, 0.000000,
                   0.440539, 0.578549, 0.686445, 0.000000,
                  -12.978009, 0.690006,-1.526507, 1.000000;;
                }
                Frame ROBOT_SOLDIER_RIG_RightForeArm {
                  FrameTransformMatrix {
                    -0.274266,-0.268810,-0.923320, 0.000000,
                     0.154568, 0.935331,-0.318220, 0.000000,
                     0.949151,-0.229993,-0.214981, 0.000000,
                    -31.225094,-0.028011, 0.000007, 1.000000;;
                  }
                  Frame ROBOT_SOLDIER_RIG_RightHand {
                    FrameTransformMatrix {
                       0.779923, 0.625873, 0.001795, 0.000000,
                      -0.527471, 0.658839,-0.536381, 0.000000,
                      -0.336889, 0.417389, 0.843974, 0.000000,
                      -31.363319,-0.000006,-0.000007, 1.000000;;
                    }
                    Frame ROBOT_SOLDIER_RIG_RightHandIndex1 {
                      FrameTransformMatrix {
                         0.931476, 0.297139,-0.209907, 0.000000,
                        -0.294024, 0.954659, 0.046640, 0.000000,
                         0.214248, 0.018274, 0.976608, 0.000000,
                        -13.673007, 0.151998, 4.666807, 1.000000;;
                      }
                      Frame ROBOT_SOLDIER_RIG_RightHandIndex2 {
                        FrameTransformMatrix {
                           0.630850, 0.775829, 0.010812, 0.000000,
                          -0.775105, 0.630772,-0.036604, 0.000000,
                          -0.035218, 0.014712, 0.999271, 0.000000,
                          -5.538002, 0.000000, 0.000002, 1.000000;;
                        }
                        Frame ROBOT_SOLDIER_RIG_RightHandIndex3 {
                          FrameTransformMatrix {
                            -0.219651, 0.974573, 0.044281, 0.000000,
                            -0.974573,-0.217138,-0.055302, 0.000000,
                            -0.044281,-0.055302, 0.997487, 0.000000,
                            -4.575005, 0.000002,-0.000015, 1.000000;;
                          }
                          Frame ROBOT_SOLDIER_RIG_RightHandIndex4 {
                            FrameTransformMatrix {
                               1.000000,-0.000000,-0.000000, 0.000000,
                               0.000000, 1.000000, 0.000000, 0.000000,
                               0.000000,-0.000000, 1.000000, 0.000000,
                              -4.103006,-0.000001, 0.000005, 1.000000;;
                            }
                            Frame ROBOT_SOLDIER_RIG_RightHandIndex4_end {
                              FrameTransformMatrix {
                                 1.000000, 0.000000,-0.000000, 0.000000,
                                -0.000000, 1.000000, 0.000000, 0.000000,
                                 0.000000,-0.000000, 1.000000, 0.000000,
                                -0.000002, 4.102998, 0.000000, 1.000000;;
                              }
                            } // End of ROBOT_SOLDIER_RIG_RightHandIndex4_end
                          } // End of ROBOT_SOLDIER_RIG_RightHandIndex4
                        } // End of ROBOT_SOLDIER_RIG_RightHandIndex3
                      } // End of ROBOT_SOLDIER_RIG_RightHandIndex2
                    } // End of ROBOT_SOLDIER_RIG_RightHandIndex1
                    Frame ROBOT_SOLDIER_RIG_RightHandMiddle1 {
                      FrameTransformMatrix {
                         0.335797, 0.933601, 0.125016, 0.000000,
                        -0.940635, 0.325398, 0.096551, 0.000000,
                         0.049460,-0.150016, 0.987446, 0.000000,
                        -13.846007, 0.130998, 1.509803, 1.000000;;
                      }
                      Frame ROBOT_SOLDIER_RIG_RightHandMiddle2 {
                        FrameTransformMatrix {
                          -0.327607, 0.944655,-0.017341, 0.000000,
                          -0.931364,-0.325975,-0.162178, 0.000000,
                          -0.158855,-0.036980, 0.986609, 0.000000,
                          -6.632005,-0.000004,-0.000005, 1.000000;;
                        }
                        Frame ROBOT_SOLDIER_RIG_RightHandMiddle3 {
                          FrameTransformMatrix {
                            -0.042988, 0.984853, 0.167978, 0.000000,
                            -0.984853,-0.013504,-0.172865, 0.000000,
                            -0.167979,-0.172865, 0.970516, 0.000000,
                            -4.460996, 0.000003, 0.000004, 1.000000;;
                          }
                          Frame ROBOT_SOLDIER_RIG_RightHandMiddle4 {
                            FrameTransformMatrix {
                               1.000000,-0.000000,-0.000000, 0.000000,
                               0.000000, 1.000000, 0.000000, 0.000000,
                               0.000000,-0.000000, 1.000000, 0.000000,
                              -4.718002, 0.000000,-0.000003, 1.000000;;
                            }
                            Frame ROBOT_SOLDIER_RIG_RightHandMiddle4_end {
                              FrameTransformMatrix {
                                 1.000000,-0.000000, 0.000000, 0.000000,
                                 0.000000, 1.000000, 0.000000, 0.000000,
                                 0.000000,-0.000000, 1.000000, 0.000000,
                                -0.000004, 4.717998,-0.000005, 1.000000;;
                              }
                            } // End of ROBOT_SOLDIER_RIG_RightHandMiddle4_end
                          } // End of ROBOT_SOLDIER_RIG_RightHandMiddle4
                        } // End of ROBOT_SOLDIER_RIG_RightHandMiddle3
                      } // End of ROBOT_SOLDIER_RIG_RightHandMiddle2
                    } // End of ROBOT_SOLDIER_RIG_RightHandMiddle1
                    Frame ROBOT_SOLDIER_RIG_RightHandPinky1 {
                      FrameTransformMatrix {
                         0.194705, 0.976285, 0.094650, 0.000000,
                        -0.943224, 0.212835,-0.255009, 0.000000,
                        -0.269106,-0.039625, 0.962295, 0.000000,
                        -13.951013,-0.226009,-4.916301, 1.000000;;
                      }
                      Frame ROBOT_SOLDIER_RIG_RightHandPinky2 {
                        FrameTransformMatrix {
                           0.646920, 0.720278, 0.250388, 0.000000,
                          -0.748926, 0.661937, 0.030819, 0.000000,
                          -0.143543,-0.207459, 0.967655, 0.000000,
                          -4.250997, 0.000000, 0.000002, 1.000000;;
                        }
                        Frame ROBOT_SOLDIER_RIG_RightHandPinky3 {
                          FrameTransformMatrix {
                             0.177857, 0.966465, 0.185237, 0.000000,
                            -0.966465, 0.206988,-0.151992, 0.000000,
                            -0.185237,-0.151992, 0.970869, 0.000000,
                            -2.820997,-0.000007,-0.000000, 1.000000;;
                          }
                          Frame ROBOT_SOLDIER_RIG_RightHandPinky4 {
                            FrameTransformMatrix {
                               1.000000,-0.000000, 0.000000, 0.000000,
                               0.000000, 1.000000, 0.000000, 0.000000,
                              -0.000000,-0.000000, 1.000000, 0.000000,
                              -3.367003,-0.000003,-0.000010, 1.000000;;
                            }
                            Frame ROBOT_SOLDIER_RIG_RightHandPinky4_end {
                              FrameTransformMatrix {
                                 1.000000, 0.000000, 0.000000, 0.000000,
                                -0.000000, 1.000000, 0.000000, 0.000000,
                                 0.000000,-0.000000, 1.000000, 0.000000,
                                 0.000000, 3.366999,-0.000007, 1.000000;;
                              }
                            } // End of ROBOT_SOLDIER_RIG_RightHandPinky4_end
                          } // End of ROBOT_SOLDIER_RIG_RightHandPinky4
                        } // End of ROBOT_SOLDIER_RIG_RightHandPinky3
                      } // End of ROBOT_SOLDIER_RIG_RightHandPinky2
                    } // End of ROBOT_SOLDIER_RIG_RightHandPinky1
                    Frame ROBOT_SOLDIER_RIG_RightHandRing1 {
                      FrameTransformMatrix {
                         0.283939, 0.956631, 0.065079, 0.000000,
                        -0.930812, 0.291294,-0.220767, 0.000000,
                        -0.230150, 0.002108, 0.973153, 0.000000,
                        -14.373010, 0.009997,-1.886898, 1.000000;;
                      }
                      Frame ROBOT_SOLDIER_RIG_RightHandRing2 {
                        FrameTransformMatrix {
                           0.135639, 0.946290, 0.293492, 0.000000,
                          -0.969212, 0.188177,-0.158803, 0.000000,
                          -0.205502,-0.262916, 0.942679, 0.000000,
                          -5.068995, 0.000000,-0.000010, 1.000000;;
                        }
                        Frame ROBOT_SOLDIER_RIG_RightHandRing3 {
                          FrameTransformMatrix {
                             0.787953, 0.602344, 0.127715, 0.000000,
                            -0.602344, 0.797076,-0.043026, 0.000000,
                            -0.127715,-0.043026, 0.990877, 0.000000,
                            -3.782001, 0.000006,-0.000008, 1.000000;;
                          }
                          Frame ROBOT_SOLDIER_RIG_RightHandRing4 {
                            FrameTransformMatrix {
                               1.000000,-0.000000,-0.000000, 0.000000,
                              -0.000000, 1.000000, 0.000000, 0.000000,
                               0.000000,-0.000000, 1.000000, 0.000000,
                              -3.803998, 0.000004, 0.000006, 1.000000;;
                            }
                            Frame ROBOT_SOLDIER_RIG_RightHandRing4_end {
                              FrameTransformMatrix {
                                 1.000000,-0.000000, 0.000000, 0.000000,
                                 0.000000, 1.000000,-0.000000, 0.000000,
                                -0.000000, 0.000000, 1.000000, 0.000000,
                                -0.000004, 3.804008, 0.000010, 1.000000;;
                              }
                            } // End of ROBOT_SOLDIER_RIG_RightHandRing4_end
                          } // End of ROBOT_SOLDIER_RIG_RightHandRing4
                        } // End of ROBOT_SOLDIER_RIG_RightHandRing3
                      } // End of ROBOT_SOLDIER_RIG_RightHandRing2
                    } // End of ROBOT_SOLDIER_RIG_RightHandRing1
                    Frame ROBOT_SOLDIER_RIG_RightHandThumb1 {
                      FrameTransformMatrix {
                         0.818590, 0.282163,-0.500295, 0.000000,
                         0.262772, 0.590553, 0.763019, 0.000000,
                         0.510747,-0.756063, 0.409276, 0.000000,
                        -6.978008,-1.552004, 6.581912, 1.000000;;
                      }
                      Frame ROBOT_SOLDIER_RIG_RightHandThumb2 {
                        FrameTransformMatrix {
                           0.849628,-0.243657, 0.467722, 0.000000,
                           0.199371, 0.969453, 0.142869, 0.000000,
                          -0.488246,-0.028135, 0.872253, 0.000000,
                          -3.179996,-1.823012, 2.029411, 1.000000;;
                        }
                        Frame ROBOT_SOLDIER_RIG_RightHandThumb3 {
                          FrameTransformMatrix {
                             0.499009,-0.472835, 0.726234, 0.000000,
                             0.089550, 0.861679, 0.499489, 0.000000,
                            -0.861957,-0.184215, 0.472329, 0.000000,
                            -3.395004,-1.958996, 1.959795, 1.000000;;
                          }
                          Frame ROBOT_SOLDIER_RIG_RightHandThumb4 {
                            FrameTransformMatrix {
                               1.000000, 0.000001,-0.000000, 0.000000,
                              -0.000001, 1.000000,-0.000000, 0.000000,
                               0.000000, 0.000000, 1.000000, 0.000000,
                              -2.907002,-1.724999, 1.817402, 1.000000;;
                            }
                            Frame ROBOT_SOLDIER_RIG_RightHandThumb4_end {
                              FrameTransformMatrix {
                                 1.000000, 0.000000,-0.000000, 0.000000,
                                -0.000000, 1.000000, 0.000001, 0.000000,
                                 0.000000,-0.000001, 1.000000, 0.000000,
                                -0.000002, 3.837799,-0.000001, 1.000000;;
                              }
                            } // End of ROBOT_SOLDIER_RIG_RightHandThumb4_end
                          } // End of ROBOT_SOLDIER_RIG_RightHandThumb4
                        } // End of ROBOT_SOLDIER_RIG_RightHandThumb3
                      } // End of ROBOT_SOLDIER_RIG_RightHandThumb2
                    } // End of ROBOT_SOLDIER_RIG_RightHandThumb1
                  } // End of ROBOT_SOLDIER_RIG_RightHand
                } // End of ROBOT_SOLDIER_RIG_RightForeArm
              } // End of ROBOT_SOLDIER_RIG_RightArm
            } // End of ROBOT_SOLDIER_RIG_RightShoulder
          } // End of ROBOT_SOLDIER_RIG_Spine2
        } // End of ROBOT_SOLDIER_RIG_Spine1
      } // End of ROBOT_SOLDIER_RIG_Spine
    } // End of ROBOT_SOLDIER_RIG_Hips
  } // End of ROBOT_SOLDIER_RIG
} // End of Root
AnimationSet Global {
  Animation {
    {ROBOT_SOLDIER_RIG}
    AnimationKey { // Rotation
      0;
      79;
      0;4;-0.707107, 0.707107, 0.000000, 0.000000;;,
      1;4;-0.707107, 0.707107, 0.000000, 0.000000;;,
      2;4;-0.707107, 0.707107, 0.000000, 0.000000;;,
      3;4;-0.707107, 0.707107, 0.000000, 0.000000;;,
      4;4;-0.707107, 0.707107, 0.000000, 0.000000;;,
      5;4;-0.707107, 0.707107, 0.000000, 0.000000;;,
      6;4;-0.707107, 0.707107, 0.000000, 0.000000;;,
      7;4;-0.707107, 0.707107, 0.000000, 0.000000;;,
      8;4;-0.707107, 0.707107, 0.000000, 0.000000;;,
      9;4;-0.707107, 0.707107, 0.000000, 0.000000;;,
      10;4;-0.707107, 0.707107, 0.000000, 0.000000;;,
      11;4;-0.707107, 0.707107, 0.000000, 0.000000;;,
      12;4;-0.707107, 0.707107, 0.000000, 0.000000;;,
      13;4;-0.707107, 0.707107, 0.000000, 0.000000;;,
      14;4;-0.707107, 0.707107, 0.000000, 0.000000;;,
      15;4;-0.707107, 0.707107, 0.000000, 0.000000;;,
      16;4;-0.707107, 0.707107, 0.000000, 0.000000;;,
      17;4;-0.707107, 0.707107, 0.000000, 0.000000;;,
      18;4;-0.707107, 0.707107, 0.000000, 0.000000;;,
      19;4;-0.707107, 0.707107, 0.000000, 0.000000;;,
      20;4;-0.707107, 0.707107, 0.000000, 0.000000;;,
      21;4;-0.707107, 0.707107, 0.000000, 0.000000;;,
      22;4;-0.707107, 0.707107, 0.000000, 0.000000;;,
      23;4;-0.707107, 0.707107, 0.000000, 0.000000;;,
      24;4;-0.707107, 0.707107, 0.000000, 0.000000;;,
      25;4;-0.707107, 0.707107, 0.000000, 0.000000;;,
      26;4;-0.707107, 0.707107, 0.000000, 0.000000;;,
      27;4;-0.707107, 0.707107, 0.000000, 0.000000;;,
      28;4;-0.707107, 0.707107, 0.000000, 0.000000;;,
      29;4;-0.707107, 0.707107, 0.000000, 0.000000;;,
      30;4;-0.707107, 0.707107, 0.000000, 0.000000;;,
      31;4;-0.707107, 0.707107, 0.000000, 0.000000;;,
      32;4;-0.707107, 0.707107, 0.000000, 0.000000;;,
      33;4;-0.707107, 0.707107, 0.000000, 0.000000;;,
      34;4;-0.707107, 0.707107, 0.000000, 0.000000;;,
      35;4;-0.707107, 0.707107, 0.000000, 0.000000;;,
      36;4;-0.707107, 0.707107, 0.000000, 0.000000;;,
      37;4;-0.707107, 0.707107, 0.000000, 0.000000;;,
      38;4;-0.707107, 0.707107, 0.000000, 0.000000;;,
      39;4;-0.707107, 0.707107, 0.000000, 0.000000;;,
      40;4;-0.707107, 0.707107, 0.000000, 0.000000;;,
      41;4;-0.707107, 0.707107, 0.000000, 0.000000;;,
      42;4;-0.707107, 0.707107, 0.000000, 0.000000;;,
      43;4;-0.707107, 0.707107, 0.000000, 0.000000;;,
      44;4;-0.707107, 0.707107, 0.000000, 0.000000;;,
      45;4;-0.707107, 0.707107, 0.000000, 0.000000;;,
      46;4;-0.707107, 0.707107, 0.000000, 0.000000;;,
      47;4;-0.707107, 0.707107, 0.000000, 0.000000;;,
      48;4;-0.707107, 0.707107, 0.000000, 0.000000;;,
      49;4;-0.707107, 0.707107, 0.000000, 0.000000;;,
      50;4;-0.707107, 0.707107, 0.000000, 0.000000;;,
      51;4;-0.707107, 0.707107, 0.000000, 0.000000;;,
      52;4;-0.707107, 0.707107, 0.000000, 0.000000;;,
      53;4;-0.707107, 0.707107, 0.000000, 0.000000;;,
      54;4;-0.707107, 0.707107, 0.000000, 0.000000;;,
      55;4;-0.707107, 0.707107, 0.000000, 0.000000;;,
      56;4;-0.707107, 0.707107, 0.000000, 0.000000;;,
      57;4;-0.707107, 0.707107, 0.000000, 0.000000;;,
      58;4;-0.707107, 0.707107, 0.000000, 0.000000;;,
      59;4;-0.707107, 0.707107, 0.000000, 0.000000;;,
      60;4;-0.707107, 0.707107, 0.000000, 0.000000;;,
      61;4;-0.707107, 0.707107, 0.000000, 0.000000;;,
      62;4;-0.707107, 0.707107, 0.000000, 0.000000;;,
      63;4;-0.707107, 0.707107, 0.000000, 0.000000;;,
      64;4;-0.707107, 0.707107, 0.000000, 0.000000;;,
      65;4;-0.707107, 0.707107, 0.000000, 0.000000;;,
      66;4;-0.707107, 0.707107, 0.000000, 0.000000;;,
      67;4;-0.707107, 0.707107, 0.000000, 0.000000;;,
